datetime	open	high	low	close	volume
29.04.2026 00:00	113740.0	113740.0	111450.0	111450.0	4
30.04.2026 00:00	0.0	0.0	0.0	0.0	0
04.05.2026 00:00	112290.0	112290.0	109700.0	110100.0	24
05.05.2026 00:00	110200.0	110230.0	109000.0	110230.0	5
06.05.2026 00:00	110530.0	110530.0	110530.0	110530.0	2
07.05.2026 00:00	110470.0	110470.0	110470.0	110470.0	1
08.05.2026 00:00	110650.0	110650.0	110650.0	110650.0	1
11.05.2026 00:00	113950.0	113950.0	113950.0	113950.0	18
12.05.2026 00:00	115000.0	115100.0	115000.0	115100.0	2
13.05.2026 00:00	115000.0	116000.0	115000.0	116000.0	9
14.05.2026 00:00	0.0	0.0	0.0	0.0	0
15.05.2026 00:00	114250.0	114250.0	113980.0	114250.0	22
18.05.2026 00:00	114600.0	115590.0	114470.0	115500.0	49
19.05.2026 00:00	115510.0	117090.0	115510.0	116990.0	41
20.05.2026 00:00	117600.0	117820.0	114490.0	114490.0	13
21.05.2026 00:00	114270.0	116880.0	114270.0	116320.0	5
22.05.2026 00:00	115520.0	115790.0	113190.0	113190.0	9
25.05.2026 00:00	114490.0	114640.0	111530.0	111530.0	18
26.05.2026 00:00	111780.0	112520.0	111000.0	112520.0	4
27.05.2026 00:00	112580.0	112830.0	111620.0	112670.0	13
28.05.2026 00:00	112520.0	113270.0	112510.0	112510.0	15
29.05.2026 00:00	111840.0	112430.0	111840.0	112430.0	2
01.06.2026 00:00	112000.0	112000.0	110870.0	111460.0	12
02.06.2026 00:00	111000.0	111860.0	110840.0	111860.0	8
03.06.2026 00:00	111010.0	111490.0	109800.0	109800.0	13
04.06.2026 00:00	110170.0	110170.0	109000.0	109710.0	31
05.06.2026 00:00	109140.0	109250.0	108300.0	108690.0	18
08.06.2026 00:00	108700.0	109500.0	108010.0	108510.0	19
09.06.2026 00:00	108500.0	110370.0	108500.0	109770.0	27
10.06.2026 00:00	109390.0	110020.0	108110.0	109190.0	34
11.06.2026 00:00	109690.0	109690.0	107930.0	108240.0	188
15.06.2026 00:00	108700.0	110370.0	107630.0	109590.0	247
16.06.2026 00:00	109660.0	109990.0	106100.0	106500.0	301
17.06.2026 00:00	106240.0	106430.0	105000.0	105000.0	223
18.06.2026 00:00	104740.0	104740.0	102180.0	102760.0	382
19.06.2026 00:00	102630.0	104620.0	101630.0	101820.0	441
22.06.2026 00:00	101740.0	101880.0	94090.0	94730.0	1213
23.06.2026 00:00	94360.0	97040.0	93840.0	96450.0	1556
24.06.2026 00:00	96330.0	96330.0	91940.0	92610.0	684
25.06.2026 00:00	92640.0	93330.0	89590.0	89700.0	773
26.06.2026 00:00	89500.0	90810.0	86320.0	89590.0	1374
29.06.2026 00:00	90000.0	93780.0	87680.0	93130.0	1004
30.06.2026 00:00	93310.0	94100.0	90500.0	90770.0	815
01.07.2026 00:00	90890.0	93760.0	90440.0	92350.0	892
02.07.2026 00:00	92170.0	92170.0	88490.0	88750.0	411
03.07.2026 00:00	88630.0	90070.0	87660.0	87860.0	430
06.07.2026 00:00	87970.0	88870.0	86450.0	88140.0	481
07.07.2026 00:00	87490.0	88700.0	84840.0	88320.0	538
08.07.2026 00:00	88390.0	89800.0	86500.0	89800.0	376
09.07.2026 00:00	89000.0	90200.0	86810.0	87150.0	673
10.07.2026 00:00	86930.0	87410.0	85190.0	85620.0	423
13.07.2026 00:00	85730.0	88130.0	85230.0	86820.0	358
14.07.2026 00:00	87610.0	87990.0	84830.0	85170.0	547
15.07.2026 00:00	84610.0	84730.0	83050.0	83550.0	488
16.07.2026 00:00	82940.0	83080.0	78040.0	78040.0	1323
17.07.2026 00:00	77750.0	80180.0	75640.0	76690.0	383
20.07.2026 00:00	77040.0	82200.0	76060.0	82070.0	958
21.07.2026 00:00	82290.0	84630.0	80820.0	83800.0	613
22.07.2026 00:00	83000.0	86720.0	82360.0	86490.0	558
23.07.2026 00:00	86500.0	87170.0	84560.0	86020.0	360
24.07.2026 00:00	85960.0	89360.0	84130.0	88950.0	716
27.07.2026 00:00	89030.0	90150.0	87080.0	89340.0	391
28.07.2026 00:00	89380.0	89850.0	87130.0	87370.0	1279
29.07.2026 00:00	87870.0	88860.0	87500.0	88490.0	1001
30.07.2026 00:00	88990.0	89790.0	87110.0	88170.0	1683
31.07.2026 00:00	87940.0	88720.0	86950.0	88600.0	417
03.08.2026 00:00	88320.0	89360.0	88180.0	88700.0	209
04.08.2026 00:00	88800.0	88870.0	86780.0	88630.0	566
05.08.2026 00:00	88280.0	89730.0	88280.0	89410.0	383
06.08.2026 00:00	89820.0	89880.0	87910.0	88760.0	540
07.08.2026 00:00	88860.0	88880.0	86380.0	86630.0	589
10.08.2026 00:00	86550.0	88870.0	86550.0	88840.0	596
11.08.2026 00:00	88560.0	89520.0	88160.0	88750.0	573
12.08.2026 00:00	88500.0	89220.0	87170.0	87270.0	719
13.08.2026 00:00	87050.0	87050.0	84330.0	84330.0	3296
14.08.2026 00:00	84420.0	84830.0	80550.0	81080.0	2926
17.08.2026 00:00	80630.0	80830.0	78980.0	79700.0	2040
18.08.2026 00:00	79700.0	81950.0	79470.0	81930.0	1790
19.08.2026 00:00	82050.0	83270.0	80240.0	82860.0	1582
20.08.2026 00:00	82850.0	83330.0	81200.0	81610.0	1265
21.08.2026 00:00	81680.0	82640.0	80480.0	82550.0	766
24.08.2026 00:00	82310.0	82310.0	77830.0	78480.0	2212
25.08.2026 00:00	78710.0	81520.0	77760.0	79780.0	1879
26.08.2026 00:00	80350.0	80350.0	76750.0	76890.0	1809
27.08.2026 00:00	77070.0	77900.0	76440.0	77590.0	1774
28.08.2026 00:00	77470.0	78270.0	76590.0	77110.0	3313
31.08.2026 00:00	76750.0	80530.0	76590.0	80200.0	3777
01.09.2026 00:00	79800.0	80250.0	78120.0	78420.0	3742
02.09.2026 00:00	78740.0	79560.0	78600.0	79310.0	2821
03.09.2026 00:00	79250.0	82360.0	78950.0	82100.0	5817
04.09.2026 00:00	82000.0	83180.0	81500.0	83140.0	4215
07.09.2026 00:00	83120.0	83440.0	81490.0	82420.0	3930
08.09.2026 00:00	83200.0	84120.0	81800.0	83530.0	4308
09.09.2026 00:00	83440.0	84330.0	82640.0	83520.0	5461
10.09.2026 00:00	83500.0	86600.0	83500.0	86370.0	9749
11.09.2026 00:00	86460.0	87000.0	84600.0	85590.0	10220
14.09.2026 00:00	85590.0	89000.0	85590.0	87600.0	17418
15.09.2026 00:00	87490.0	89000.0	86730.0	87440.0	16632
16.09.2026 00:00	87350.0	87990.0	85540.0	85680.0	28099
