datetime	open	high	low	close	volume
20.03.2024 00:00	121280.0	121280.0	103210.0	103210.0	7
21.03.2024 00:00	118760.0	118760.0	108500.0	108500.0	4
29.03.2024 00:00	116030.0	116030.0	116030.0	116030.0	1
04.04.2024 00:00	113070.0	113070.0	113070.0	113070.0	1
31.05.2024 00:00	113090.0	113090.0	106700.0	112390.0	5
03.06.2024 00:00	107220.0	107220.0	107220.0	107220.0	1
13.06.2024 00:00	121820.0	121820.0	113260.0	113260.0	2
17.06.2024 00:00	123050.0	123050.0	103630.0	114650.0	4
19.06.2024 00:00	115000.0	115000.0	112540.0	112540.0	2
20.06.2024 00:00	113730.0	113730.0	113730.0	113730.0	1
05.08.2024 00:00	106160.0	106160.0	106160.0	106160.0	1
07.08.2024 00:00	110020.0	110020.0	110020.0	110020.0	1
02.09.2024 00:00	100870.0	100870.0	100870.0	100870.0	1
28.10.2024 00:00	92170.0	92170.0	91700.0	91700.0	2
19.11.2024 00:00	93270.0	93270.0	93270.0	93270.0	1
04.12.2024 00:00	92050.0	92050.0	92050.0	92050.0	1
11.12.2024 00:00	91910.0	91910.0	91910.0	91910.0	1
24.12.2024 00:00	100090.0	100090.0	100090.0	100090.0	1
25.12.2024 00:00	100300.0	100300.0	100300.0	100300.0	1
26.12.2024 00:00	98630.0	98630.0	97010.0	97010.0	4
03.01.2025 00:00	95910.0	95910.0	95910.0	95910.0	1
16.01.2025 00:00	99690.0	99690.0	99690.0	99690.0	2
20.01.2025 00:00	100500.0	101810.0	100500.0	101810.0	2
24.01.2025 00:00	102190.0	102190.0	102190.0	102190.0	1
27.01.2025 00:00	101490.0	101490.0	101490.0	101490.0	1
05.02.2025 00:00	103260.0	103260.0	103260.0	103260.0	1
06.02.2025 00:00	103400.0	103400.0	103400.0	103400.0	1
11.02.2025 00:00	105100.0	105100.0	105100.0	105100.0	1
12.02.2025 00:00	110870.0	114830.0	110870.0	114830.0	5
13.02.2025 00:00	114370.0	114820.0	113200.0	114820.0	4
14.02.2025 00:00	114820.0	114820.0	114000.0	114000.0	2
17.02.2025 00:00	117900.0	118950.0	117480.0	118950.0	4
18.02.2025 00:00	116570.0	116570.0	116570.0	116570.0	1
20.02.2025 00:00	118040.0	119990.0	118040.0	118680.0	5
24.02.2025 00:00	118600.0	121100.0	118600.0	121100.0	5
26.02.2025 00:00	122680.0	122680.0	118240.0	118240.0	6
28.02.2025 00:00	116550.0	118880.0	116550.0	117840.0	8
03.03.2025 00:00	113730.0	113730.0	113730.0	113730.0	1
04.03.2025 00:00	117370.0	117370.0	117370.0	117370.0	1
05.03.2025 00:00	115890.0	117640.0	111870.0	117640.0	3
07.03.2025 00:00	117640.0	117640.0	117640.0	117640.0	1
12.03.2025 00:00	115990.0	119230.0	115990.0	119230.0	4
14.03.2025 00:00	119190.0	119860.0	119190.0	119860.0	4
18.03.2025 00:00	125730.0	130290.0	122240.0	122240.0	27
19.03.2025 00:00	119520.0	120840.0	119520.0	120840.0	4
20.03.2025 00:00	119280.0	124320.0	118380.0	121600.0	19
21.03.2025 00:00	119510.0	119510.0	119510.0	119510.0	1
24.03.2025 00:00	118160.0	118160.0	117480.0	117480.0	3
25.03.2025 00:00	116900.0	118250.0	116900.0	118250.0	2
26.03.2025 00:00	117080.0	117080.0	117080.0	117080.0	1
28.03.2025 00:00	113630.0	114620.0	107780.0	107780.0	12
31.03.2025 00:00	106910.0	106910.0	106910.0	106910.0	1
01.04.2025 00:00	110300.0	110950.0	108690.0	110060.0	5
02.04.2025 00:00	107940.0	108720.0	107940.0	108720.0	2
03.04.2025 00:00	109100.0	111120.0	107950.0	107950.0	4
04.04.2025 00:00	104290.0	104290.0	99300.0	99950.0	13
07.04.2025 00:00	98070.0	98550.0	96000.0	98550.0	7
08.04.2025 00:00	99820.0	99820.0	97400.0	97400.0	4
09.04.2025 00:00	95660.0	96000.0	95660.0	96000.0	2
11.04.2025 00:00	105530.0	105530.0	105010.0	105010.0	2
14.04.2025 00:00	105820.0	106150.0	104990.0	104990.0	3
15.04.2025 00:00	103950.0	104510.0	103900.0	104510.0	5
16.04.2025 00:00	103210.0	104100.0	103210.0	104100.0	3
22.04.2025 00:00	112420.0	112540.0	112420.0	112540.0	2
23.04.2025 00:00	107820.0	107820.0	107820.0	107820.0	1
24.04.2025 00:00	108970.0	108970.0	108970.0	108970.0	1
25.04.2025 00:00	110380.0	110380.0	109990.0	109990.0	2
29.04.2025 00:00	108690.0	108690.0	108690.0	108690.0	1
30.04.2025 00:00	108780.0	110230.0	108780.0	110230.0	2
02.05.2025 00:00	107940.0	107940.0	103840.0	103840.0	3
05.05.2025 00:00	103840.0	104910.0	101620.0	101620.0	5
06.05.2025 00:00	104300.0	106260.0	104300.0	106260.0	5
13.05.2025 00:00	110540.0	112310.0	110540.0	111470.0	5
14.05.2025 00:00	112050.0	112050.0	112050.0	112050.0	1
15.05.2025 00:00	108600.0	112020.0	108080.0	108770.0	7
16.05.2025 00:00	107500.0	107500.0	107500.0	107500.0	1
19.05.2025 00:00	108320.0	108320.0	108320.0	108320.0	1
21.05.2025 00:00	108600.0	108600.0	108600.0	108600.0	1
22.05.2025 00:00	107000.0	107000.0	107000.0	107000.0	1
26.05.2025 00:00	105540.0	105630.0	103000.0	104810.0	6
28.05.2025 00:00	106000.0	108040.0	106000.0	108040.0	3
29.05.2025 00:00	109140.0	110090.0	109140.0	110090.0	2
03.06.2025 00:00	110560.0	110560.0	110560.0	110560.0	1
04.06.2025 00:00	112120.0	112120.0	110420.0	110420.0	2
06.06.2025 00:00	111160.0	111160.0	109970.0	109970.0	3
09.06.2025 00:00	108620.0	108620.0	107030.0	107710.0	10
11.06.2025 00:00	108210.0	108690.0	107000.0	107000.0	7
13.06.2025 00:00	107640.0	107640.0	107640.0	107640.0	1
16.06.2025 00:00	108630.0	108630.0	108630.0	108630.0	1
17.06.2025 00:00	108580.0	110000.0	108580.0	110000.0	6
18.06.2025 00:00	109830.0	109830.0	109830.0	109830.0	1
19.06.2025 00:00	108600.0	108600.0	108020.0	108020.0	4
20.06.2025 00:00	107880.0	107880.0	107500.0	107500.0	4
23.06.2025 00:00	107000.0	107340.0	106440.0	107340.0	17
24.06.2025 00:00	104820.0	107150.0	104820.0	107150.0	16
25.06.2025 00:00	107880.0	108300.0	107880.0	108300.0	5
26.06.2025 00:00	108150.0	108470.0	107910.0	108300.0	8
27.06.2025 00:00	107810.0	109230.0	107810.0	109230.0	3
30.06.2025 00:00	109230.0	111870.0	108750.0	111870.0	123
01.07.2025 00:00	112220.0	112220.0	111490.0	111600.0	6
02.07.2025 00:00	111140.0	111490.0	110190.0	110290.0	20
03.07.2025 00:00	111030.0	111030.0	109700.0	109740.0	9
04.07.2025 00:00	109670.0	110240.0	109670.0	110060.0	10
07.07.2025 00:00	109650.0	110000.0	109020.0	109800.0	17
08.07.2025 00:00	110120.0	110120.0	109610.0	110040.0	9
09.07.2025 00:00	108800.0	108800.0	107460.0	107820.0	5
10.07.2025 00:00	109020.0	109520.0	109020.0	109520.0	2
11.07.2025 00:00	107810.0	107810.0	103970.0	103970.0	38
14.07.2025 00:00	103600.0	108300.0	103600.0	108100.0	22
15.07.2025 00:00	108580.0	108930.0	108500.0	108930.0	6
16.07.2025 00:00	109680.0	109680.0	109680.0	109680.0	1
17.07.2025 00:00	109810.0	110000.0	109810.0	109850.0	4
18.07.2025 00:00	109830.0	112150.0	109780.0	112150.0	17
21.07.2025 00:00	112380.0	114730.0	112380.0	114250.0	21
22.07.2025 00:00	114300.0	114620.0	114000.0	114120.0	5
23.07.2025 00:00	114780.0	115000.0	114710.0	115000.0	6
24.07.2025 00:00	113400.0	113400.0	112680.0	113070.0	3
25.07.2025 00:00	112490.0	112490.0	111500.0	111500.0	6
28.07.2025 00:00	111020.0	111020.0	106950.0	106950.0	45
29.07.2025 00:00	106600.0	106600.0	106000.0	106140.0	6
30.07.2025 00:00	106480.0	107390.0	106480.0	106690.0	3
31.07.2025 00:00	108020.0	108020.0	108020.0	108020.0	1
01.08.2025 00:00	108890.0	108890.0	108320.0	108320.0	2
04.08.2025 00:00	110880.0	110880.0	110880.0	110880.0	1
05.08.2025 00:00	110980.0	111170.0	109830.0	111170.0	18
06.08.2025 00:00	109550.0	115450.0	109550.0	113680.0	16
07.08.2025 00:00	115500.0	116190.0	115060.0	116050.0	39
08.08.2025 00:00	117460.0	117460.0	117460.0	117460.0	1
11.08.2025 00:00	119040.0	119040.0	117780.0	118290.0	9
12.08.2025 00:00	118040.0	119830.0	118040.0	119830.0	8
13.08.2025 00:00	118780.0	118780.0	117910.0	117910.0	3
14.08.2025 00:00	119580.0	119580.0	118660.0	118660.0	4
15.08.2025 00:00	119950.0	119950.0	119930.0	119930.0	2
16.08.2025 00:00	117460.0	117590.0	117460.0	117590.0	3
18.08.2025 00:00	117560.0	119040.0	117140.0	118550.0	15
19.08.2025 00:00	118820.0	119110.0	118110.0	118110.0	9
20.08.2025 00:00	117970.0	118340.0	117300.0	117370.0	16
21.08.2025 00:00	116290.0	116430.0	114250.0	114250.0	18
22.08.2025 00:00	114000.0	114970.0	114000.0	114970.0	2
25.08.2025 00:00	113530.0	115390.0	113530.0	115390.0	3
26.08.2025 00:00	116340.0	116380.0	115220.0	115350.0	45
27.08.2025 00:00	115280.0	116300.0	115280.0	116300.0	5
28.08.2025 00:00	116290.0	116490.0	114790.0	114790.0	10
29.08.2025 00:00	115220.0	115610.0	114970.0	115460.0	29
30.08.2025 00:00	115810.0	115810.0	115810.0	115810.0	1
31.08.2025 00:00	116000.0	116000.0	114670.0	114670.0	4
01.09.2025 00:00	116780.0	116860.0	116000.0	116000.0	3
02.09.2025 00:00	115360.0	115360.0	114240.0	114370.0	11
03.09.2025 00:00	114310.0	114880.0	114310.0	114880.0	3
04.09.2025 00:00	114570.0	114570.0	114000.0	114550.0	6
05.09.2025 00:00	114500.0	114500.0	114190.0	114190.0	2
08.09.2025 00:00	114500.0	114500.0	113970.0	113970.0	6
09.09.2025 00:00	112920.0	113000.0	111820.0	111820.0	22
10.09.2025 00:00	111370.0	111370.0	110370.0	110370.0	20
11.09.2025 00:00	110530.0	110610.0	110520.0	110610.0	3
12.09.2025 00:00	110170.0	110640.0	107330.0	108260.0	81
13.09.2025 00:00	108530.0	108530.0	107900.0	107900.0	6
14.09.2025 00:00	108020.0	109820.0	107510.0	109210.0	11
15.09.2025 00:00	108630.0	109940.0	108630.0	109700.0	26
16.09.2025 00:00	109010.0	109080.0	107630.0	108940.0	46
17.09.2025 00:00	108500.0	108500.0	107150.0	107860.0	34
18.09.2025 00:00	107540.0	107820.0	106540.0	106790.0	71
19.09.2025 00:00	106610.0	106970.0	103900.0	103990.0	136
22.09.2025 00:00	103980.0	105010.0	102800.0	104900.0	283
23.09.2025 00:00	104340.0	105450.0	101530.0	102080.0	125
24.09.2025 00:00	102100.0	104520.0	101120.0	103850.0	159
25.09.2025 00:00	104090.0	104310.0	102250.0	102340.0	87
26.09.2025 00:00	102380.0	104630.0	102080.0	104010.0	181
27.09.2025 00:00	103710.0	104300.0	103710.0	104250.0	4
29.09.2025 00:00	103420.0	105150.0	102220.0	102790.0	322
30.09.2025 00:00	102790.0	104490.0	101910.0	103620.0	244
01.10.2025 00:00	103820.0	105320.0	103250.0	103810.0	181
02.10.2025 00:00	103420.0	104490.0	103010.0	103990.0	86
03.10.2025 00:00	104060.0	104060.0	99940.0	100190.0	198
04.10.2025 00:00	100060.0	100060.0	98820.0	99270.0	83
05.10.2025 00:00	99350.0	101690.0	99040.0	101690.0	51
06.10.2025 00:00	102000.0	103270.0	99390.0	102850.0	351
07.10.2025 00:00	103090.0	104400.0	102810.0	103670.0	197
08.10.2025 00:00	103980.0	104000.0	100170.0	101360.0	663
09.10.2025 00:00	101260.0	103490.0	99000.0	102960.0	466
10.10.2025 00:00	102660.0	103390.0	100400.0	100520.0	306
11.10.2025 00:00	100350.0	100990.0	99830.0	100990.0	8
12.10.2025 00:00	100870.0	100930.0	100870.0	100930.0	3
13.10.2025 00:00	101500.0	103040.0	100890.0	102480.0	391
14.10.2025 00:00	101990.0	103190.0	101110.0	101970.0	200
15.10.2025 00:00	102480.0	104010.0	102040.0	103510.0	226
16.10.2025 00:00	103000.0	108720.0	101700.0	108720.0	781
17.10.2025 00:00	107930.0	107950.0	105530.0	106320.0	430
18.10.2025 00:00	106810.0	107440.0	106810.0	107230.0	11
19.10.2025 00:00	107260.0	107260.0	106550.0	106550.0	6
20.10.2025 00:00	106570.0	108270.0	106470.0	108110.0	180
21.10.2025 00:00	107500.0	107500.0	101890.0	104020.0	776
22.10.2025 00:00	103870.0	104150.0	100930.0	102200.0	460
23.10.2025 00:00	100530.0	101620.0	99700.0	100900.0	352
24.10.2025 00:00	101100.0	102500.0	99820.0	101930.0	454
27.10.2025 00:00	100860.0	101320.0	97850.0	98180.0	560
28.10.2025 00:00	98950.0	100700.0	98770.0	100250.0	491
29.10.2025 00:00	100350.0	101340.0	99740.0	100300.0	260
30.10.2025 00:00	100230.0	101440.0	99610.0	100780.0	339
31.10.2025 00:00	101070.0	101070.0	98890.0	99700.0	502
01.11.2025 00:00	99850.0	100580.0	99590.0	99820.0	380
03.11.2025 00:00	100010.0	102550.0	100010.0	102110.0	430
05.11.2025 00:00	101990.0	101990.0	99000.0	99470.0	873
06.11.2025 00:00	99850.0	99990.0	99300.0	99720.0	300
07.11.2025 00:00	99350.0	101530.0	99070.0	100840.0	458
08.11.2025 00:00	100740.0	100740.0	100680.0	100680.0	2
09.11.2025 00:00	100720.0	100720.0	100680.0	100680.0	2
10.11.2025 00:00	101500.0	101930.0	100050.0	100210.0	462
11.11.2025 00:00	100130.0	101410.0	99350.0	100900.0	393
12.11.2025 00:00	101030.0	101030.0	99050.0	99700.0	499
13.11.2025 00:00	99870.0	100930.0	99850.0	100080.0	250
14.11.2025 00:00	100720.0	100720.0	98500.0	99400.0	579
15.11.2025 00:00	99250.0	99580.0	99250.0	99580.0	7
16.11.2025 00:00	98850.0	98880.0	98750.0	98820.0	19
17.11.2025 00:00	98510.0	98850.0	97900.0	98060.0	518
18.11.2025 00:00	98010.0	100600.0	97800.0	99850.0	952
19.11.2025 00:00	100700.0	105030.0	100380.0	103070.0	1643
20.11.2025 00:00	103500.0	107600.0	102500.0	107210.0	1222
21.11.2025 00:00	106500.0	108590.0	105980.0	107800.0	1073
24.11.2025 00:00	108660.0	109070.0	106580.0	107290.0	1007
25.11.2025 00:00	107540.0	108700.0	105600.0	107710.0	1346
26.11.2025 00:00	107640.0	107950.0	107090.0	107470.0	483
27.11.2025 00:00	107580.0	108160.0	105310.0	106190.0	596
28.11.2025 00:00	106000.0	109690.0	105750.0	109360.0	1051
29.11.2025 00:00	109380.0	109600.0	109130.0	109270.0	28
30.11.2025 00:00	109390.0	110320.0	109390.0	110180.0	98
01.12.2025 00:00	109740.0	110150.0	108400.0	109570.0	755
02.12.2025 00:00	109700.0	110390.0	107700.0	109280.0	1455
03.12.2025 00:00	108760.0	109580.0	106500.0	109210.0	1851
04.12.2025 00:00	109390.0	111270.0	109200.0	111010.0	2260
05.12.2025 00:00	111130.0	112820.0	110880.0	111640.0	2746
08.12.2025 00:00	112000.0	112700.0	110110.0	110770.0	2324
09.12.2025 00:00	110700.0	111960.0	110010.0	111300.0	2850
10.12.2025 00:00	111300.0	111650.0	108980.0	109400.0	2985
11.12.2025 00:00	109530.0	111080.0	108840.0	110200.0	5671
12.12.2025 00:00	110210.0	110480.0	108140.0	108240.0	3685
13.12.2025 00:00	108370.0	108690.0	108360.0	108550.0	159
14.12.2025 00:00	108750.0	108770.0	108110.0	108440.0	248
15.12.2025 00:00	108450.0	110610.0	108450.0	109470.0	9156
16.12.2025 00:00	109460.0	111110.0	109220.0	110460.0	9163
17.12.2025 00:00	110570.0	110880.0	107740.0	108540.0	36442
18.12.2025 00:00	108500.0	109700.0	107370.0	108050.0	71314
19.12.2025 00:00	108180.0	108870.0	106260.0	108560.0	88042
20.12.2025 00:00	108590.0	109320.0	108590.0	108840.0	2908
21.12.2025 00:00	108850.0	108900.0	108240.0	108330.0	1280
22.12.2025 00:00	108340.0	110500.0	107600.0	109420.0	71921
23.12.2025 00:00	109530.0	111440.0	109040.0	110590.0	57700
24.12.2025 00:00	110890.0	110890.0	108850.0	109770.0	58695
25.12.2025 00:00	109800.0	111190.0	109540.0	110720.0	39671
26.12.2025 00:00	110720.0	113120.0	110640.0	113120.0	57337
27.12.2025 00:00	113160.0	113500.0	113100.0	113370.0	2003
28.12.2025 00:00	113370.0	113620.0	112590.0	113530.0	3442
29.12.2025 00:00	113480.0	115200.0	110580.0	111420.0	96907
30.12.2025 00:00	111640.0	112320.0	110250.0	111210.0	51437
05.01.2026 00:00	110580.0	110580.0	107930.0	108550.0	41675
06.01.2026 00:00	108600.0	109690.0	108470.0	109570.0	29244
08.01.2026 00:00	108650.0	109140.0	107780.0	108610.0	40333
09.01.2026 00:00	108840.0	110120.0	108260.0	109890.0	37271
12.01.2026 00:00	109970.0	110700.0	109280.0	109280.0	41984
13.01.2026 00:00	109270.0	109960.0	108600.0	108850.0	41214
14.01.2026 00:00	108850.0	110950.0	108270.0	110160.0	70574
15.01.2026 00:00	110190.0	111130.0	109130.0	110840.0	62590
16.01.2026 00:00	110830.0	112240.0	110730.0	111890.0	50795
17.01.2026 00:00	111990.0	111990.0	111770.0	111780.0	705
18.01.2026 00:00	111870.0	112300.0	111680.0	112100.0	1419
19.01.2026 00:00	112320.0	113020.0	111400.0	112100.0	47199
20.01.2026 00:00	112350.0	112570.0	111230.0	112070.0	42244
21.01.2026 00:00	112070.0	115790.0	111790.0	115790.0	66581
22.01.2026 00:00	115700.0	117500.0	115240.0	116820.0	68462
23.01.2026 00:00	116790.0	117790.0	115800.0	117670.0	38010
24.01.2026 00:00	117670.0	117830.0	116240.0	117270.0	5899
25.01.2026 00:00	117410.0	118140.0	117220.0	117900.0	2635
26.01.2026 00:00	117890.0	117900.0	114050.0	114430.0	66316
27.01.2026 00:00	114500.0	116770.0	114110.0	116410.0	52220
28.01.2026 00:00	116530.0	117300.0	115330.0	115690.0	52039
29.01.2026 00:00	115880.0	120430.0	115850.0	119080.0	109856
30.01.2026 00:00	119020.0	119020.0	115210.0	115900.0	74487
31.01.2026 00:00	115900.0	116340.0	115740.0	116120.0	1936
01.02.2026 00:00	116120.0	116680.0	115890.0	116200.0	2161
02.02.2026 00:00	115560.0	115800.0	113220.0	115110.0	75395
03.02.2026 00:00	115150.0	115830.0	114430.0	114600.0	44733
04.02.2026 00:00	114950.0	116110.0	114480.0	115690.0	24238
