datetime	open	high	low	close	volume
15.03.2024 00:00	116810.0	116810.0	116810.0	116810.0	1
05.04.2024 00:00	111949.0	111950.0	111949.0	111950.0	2
08.04.2024 00:00	111600.0	111600.0	111501.0	111501.0	2
11.04.2024 00:00	111882.0	111882.0	111499.0	111499.0	3
12.04.2024 00:00	111301.0	111301.0	111301.0	111301.0	1
16.04.2024 00:00	111450.0	111450.0	111450.0	111450.0	1
22.04.2024 00:00	110750.0	112198.0	110750.0	112198.0	2
24.04.2024 00:00	109151.0	109200.0	109000.0	109000.0	4
27.04.2024 00:00	108999.0	108999.0	108999.0	108999.0	1
30.04.2024 00:00	110136.0	110136.0	109100.0	109793.0	7
20.05.2024 00:00	109831.0	112300.0	109400.0	109400.0	5
23.05.2024 00:00	108599.0	108599.0	108300.0	108300.0	5
27.05.2024 00:00	105808.0	105808.0	105808.0	105808.0	1
28.05.2024 00:00	107576.0	112998.0	103033.0	111400.0	31
29.05.2024 00:00	108092.0	108355.0	108091.0	108115.0	7
03.06.2024 00:00	107206.0	107206.0	106802.0	106802.0	3
17.06.2024 00:00	105320.0	108206.0	105320.0	108206.0	2
18.06.2024 00:00	105167.0	105167.0	105167.0	105167.0	1
19.06.2024 00:00	101518.0	101518.0	98534.0	98534.0	16
20.06.2024 00:00	98596.0	101507.0	98596.0	100204.0	16
21.06.2024 00:00	100020.0	101169.0	99591.0	101019.0	10
24.06.2024 00:00	99753.0	100600.0	98700.0	98700.0	9
25.06.2024 00:00	99189.0	99189.0	99189.0	99189.0	1
26.06.2024 00:00	100009.0	100803.0	100009.0	100240.0	3
27.06.2024 00:00	98400.0	99554.0	98400.0	99554.0	2
28.06.2024 00:00	99607.0	99607.0	99607.0	99607.0	1
01.07.2024 00:00	100112.0	100112.0	100112.0	100112.0	1
03.07.2024 00:00	101853.0	101853.0	101853.0	101853.0	1
04.07.2024 00:00	102411.0	102411.0	102411.0	102411.0	1
08.07.2024 00:00	101358.0	101358.0	100991.0	100991.0	4
09.07.2024 00:00	100399.0	100399.0	100200.0	100200.0	2
10.07.2024 00:00	100950.0	100950.0	100950.0	100950.0	1
12.07.2024 00:00	100960.0	100960.0	100960.0	100960.0	1
16.07.2024 00:00	100314.0	100333.0	100314.0	100333.0	2
17.07.2024 00:00	101014.0	101014.0	99770.0	99770.0	2
19.07.2024 00:00	100025.0	100025.0	99500.0	99500.0	2
24.07.2024 00:00	98709.0	98709.0	98709.0	98709.0	1
25.07.2024 00:00	98200.0	98653.0	98040.0	98653.0	3
26.07.2024 00:00	98858.0	98858.0	96776.0	98265.0	9
29.07.2024 00:00	98550.0	98550.0	98550.0	98550.0	1
02.08.2024 00:00	97664.0	97664.0	97475.0	97475.0	2
05.08.2024 00:00	96214.0	96214.0	96214.0	96214.0	1
06.08.2024 00:00	97000.0	97077.0	97000.0	97077.0	2
09.08.2024 00:00	98273.0	98300.0	98273.0	98300.0	2
12.08.2024 00:00	98300.0	99034.0	98300.0	99034.0	9
13.08.2024 00:00	99500.0	101682.0	99500.0	100586.0	25
14.08.2024 00:00	100547.0	100750.0	99399.0	99399.0	6
15.08.2024 00:00	99199.0	99199.0	99199.0	99199.0	1
16.08.2024 00:00	99499.0	99625.0	99499.0	99625.0	2
20.08.2024 00:00	100400.0	100400.0	100400.0	100400.0	1
21.08.2024 00:00	100523.0	100523.0	100523.0	100523.0	4
22.08.2024 00:00	100523.0	100523.0	99118.0	99156.0	5
23.08.2024 00:00	99441.0	100137.0	99441.0	99757.0	3
26.08.2024 00:00	99822.0	99999.0	99770.0	99770.0	8
27.08.2024 00:00	99716.0	99822.0	99716.0	99821.0	3
28.08.2024 00:00	99875.0	99875.0	99462.0	99483.0	7
29.08.2024 00:00	100000.0	100587.0	100000.0	100522.0	5
30.08.2024 00:00	100690.0	100690.0	100690.0	100690.0	1
02.09.2024 00:00	99500.0	99500.0	98229.0	98229.0	8
03.09.2024 00:00	98628.0	98628.0	97808.0	98133.0	6
04.09.2024 00:00	98919.0	98919.0	98651.0	98651.0	2
05.09.2024 00:00	98500.0	99172.0	98500.0	99145.0	7
06.09.2024 00:00	99020.0	99020.0	99017.0	99017.0	3
09.09.2024 00:00	99654.0	99923.0	99654.0	99923.0	3
10.09.2024 00:00	99923.0	99923.0	99923.0	99923.0	1
11.09.2024 00:00	99078.0	99078.0	99078.0	99078.0	1
12.09.2024 00:00	99708.0	99708.0	99078.0	99078.0	2
13.09.2024 00:00	99100.0	99100.0	99100.0	99100.0	1
16.09.2024 00:00	99202.0	99837.0	99201.0	99700.0	8
17.09.2024 00:00	99700.0	99700.0	99500.0	99519.0	4
18.09.2024 00:00	99519.0	99519.0	99020.0	99130.0	5
19.09.2024 00:00	99941.0	99941.0	99793.0	99793.0	2
20.09.2024 00:00	99300.0	99785.0	99300.0	99785.0	10
23.09.2024 00:00	99323.0	99323.0	99323.0	99323.0	1
24.09.2024 00:00	99556.0	99556.0	99550.0	99551.0	3
01.10.2024 00:00	101000.0	101055.0	101000.0	101055.0	2
02.10.2024 00:00	101742.0	102000.0	101631.0	102000.0	4
03.10.2024 00:00	102000.0	102076.0	102000.0	102076.0	2
04.10.2024 00:00	102299.0	102299.0	102125.0	102125.0	2
07.10.2024 00:00	102299.0	102599.0	102299.0	102599.0	4
08.10.2024 00:00	102699.0	102699.0	102002.0	102002.0	3
09.10.2024 00:00	102001.0	102499.0	102000.0	102000.0	3
10.10.2024 00:00	102000.0	102098.0	102000.0	102098.0	4
11.10.2024 00:00	102000.0	102000.0	101951.0	102000.0	3
14.10.2024 00:00	102099.0	102326.0	102099.0	102198.0	3
15.10.2024 00:00	102199.0	102699.0	102199.0	102699.0	6
16.10.2024 00:00	102200.0	102251.0	102200.0	102251.0	2
17.10.2024 00:00	102001.0	102369.0	102000.0	102369.0	5
18.10.2024 00:00	102400.0	102400.0	101581.0	101581.0	3
21.10.2024 00:00	102273.0	102273.0	102273.0	102273.0	1
22.10.2024 00:00	102499.0	102846.0	102499.0	102846.0	2
23.10.2024 00:00	102599.0	102599.0	102390.0	102390.0	2
24.10.2024 00:00	102452.0	102452.0	102452.0	102452.0	1
25.10.2024 00:00	102899.0	102899.0	102899.0	102899.0	1
28.10.2024 00:00	102999.0	103499.0	102999.0	103499.0	7
29.10.2024 00:00	103979.0	104128.0	103979.0	104128.0	2
30.10.2024 00:00	103442.0	103442.0	103442.0	103442.0	2
31.10.2024 00:00	103873.0	103873.0	103786.0	103786.0	2
02.11.2024 00:00	104494.0	104494.0	104493.0	104493.0	2
06.11.2024 00:00	104084.0	104084.0	104084.0	104084.0	1
07.11.2024 00:00	105250.0	105251.0	105000.0	105000.0	3
08.11.2024 00:00	105000.0	105000.0	105000.0	105000.0	1
12.11.2024 00:00	105980.0	105999.0	105980.0	105999.0	3
13.11.2024 00:00	106000.0	106000.0	106000.0	106000.0	1
14.11.2024 00:00	107873.0	107874.0	107873.0	107874.0	2
15.11.2024 00:00	108114.0	108114.0	108114.0	108114.0	1
19.11.2024 00:00	107999.0	109988.0	107999.0	109650.0	6
21.11.2024 00:00	110921.0	111444.0	110000.0	111444.0	11
22.11.2024 00:00	112277.0	114365.0	112277.0	114365.0	9
25.11.2024 00:00	114036.0	115700.0	113452.0	114930.0	10
26.11.2024 00:00	116560.0	122000.0	116560.0	122000.0	38
27.11.2024 00:00	121900.0	133067.0	118500.0	118500.0	115
28.11.2024 00:00	120810.0	120810.0	118834.0	119200.0	7
29.11.2024 00:00	119150.0	119150.0	118000.0	118000.0	7
02.12.2024 00:00	116664.0	119016.0	111874.0	117504.0	64
03.12.2024 00:00	118810.0	118810.0	113804.0	113804.0	28
04.12.2024 00:00	113806.0	113806.0	112100.0	113700.0	43
05.12.2024 00:00	113649.0	113707.0	111005.0	111005.0	34
06.12.2024 00:00	110000.0	110506.0	108902.0	109295.0	41
09.12.2024 00:00	110389.0	115663.0	110389.0	113128.0	58
10.12.2024 00:00	112451.0	114105.0	111633.0	114105.0	39
11.12.2024 00:00	113654.0	115775.0	113654.0	115545.0	8
12.12.2024 00:00	114999.0	115000.0	114427.0	114717.0	4
13.12.2024 00:00	113888.0	113888.0	113888.0	113888.0	1
16.12.2024 00:00	114968.0	114968.0	113833.0	113833.0	7
17.12.2024 00:00	114694.0	115800.0	114694.0	115800.0	5
18.12.2024 00:00	115699.0	115931.0	115330.0	115895.0	9
19.12.2024 00:00	115881.0	116671.0	114656.0	114656.0	84
20.12.2024 00:00	114443.0	116149.0	114200.0	115517.0	19
23.12.2024 00:00	114320.0	114375.0	113617.0	114000.0	10
24.12.2024 00:00	113999.0	114499.0	113869.0	113870.0	7
25.12.2024 00:00	114236.0	114269.0	114073.0	114073.0	3
26.12.2024 00:00	113662.0	113662.0	113200.0	113381.0	5
27.12.2024 00:00	112748.0	115981.0	112402.0	115900.0	56
28.12.2024 00:00	115482.0	115603.0	115203.0	115600.0	10
30.12.2024 00:00	117343.0	117343.0	117100.0	117100.0	4
03.01.2025 00:00	116999.0	117549.0	116999.0	117549.0	3
06.01.2025 00:00	117831.0	117831.0	116430.0	116430.0	2
08.01.2025 00:00	116073.0	116075.0	115570.0	115570.0	13
09.01.2025 00:00	116680.0	116680.0	116448.0	116448.0	2
10.01.2025 00:00	117196.0	117196.0	117196.0	117196.0	1
13.01.2025 00:00	117199.0	117199.0	116847.0	116847.0	5
15.01.2025 00:00	117296.0	117296.0	116762.0	116762.0	5
16.01.2025 00:00	116989.0	116989.0	116989.0	116989.0	1
17.01.2025 00:00	116503.0	116664.0	116502.0	116664.0	4
20.01.2025 00:00	115810.0	116411.0	115810.0	116411.0	3
21.01.2025 00:00	116248.0	116776.0	115618.0	115618.0	30
22.01.2025 00:00	116776.0	116776.0	115800.0	115800.0	6
23.01.2025 00:00	116669.0	117302.0	116669.0	117302.0	3
24.01.2025 00:00	117010.0	117287.0	115650.0	117287.0	3
27.01.2025 00:00	117159.0	117159.0	115646.0	116644.0	11
28.01.2025 00:00	117677.0	117700.0	116997.0	116997.0	4
29.01.2025 00:00	117355.0	117406.0	116901.0	116901.0	5
30.01.2025 00:00	117383.0	117384.0	116009.0	116273.0	16
31.01.2025 00:00	116273.0	116382.0	115283.0	116360.0	5
03.02.2025 00:00	117299.0	118199.0	117000.0	117000.0	29
04.02.2025 00:00	117099.0	117099.0	116838.0	117096.0	8
05.02.2025 00:00	117699.0	117699.0	115067.0	115846.0	18
06.02.2025 00:00	115067.0	115999.0	114603.0	115999.0	19
07.02.2025 00:00	115529.0	116354.0	115152.0	115383.0	24
10.02.2025 00:00	115390.0	115539.0	113913.0	114785.0	40
11.02.2025 00:00	114696.0	114696.0	113158.0	113799.0	15
12.02.2025 00:00	113999.0	114600.0	110111.0	111690.0	136
13.02.2025 00:00	111006.0	112200.0	110108.0	111059.0	79
14.02.2025 00:00	110503.0	113048.0	109004.0	111539.0	60
17.02.2025 00:00	111590.0	112000.0	109688.0	109688.0	41
18.02.2025 00:00	110774.0	110967.0	107778.0	110198.0	34
19.02.2025 00:00	109200.0	109200.0	108400.0	108699.0	17
20.02.2025 00:00	108651.0	108651.0	106700.0	107651.0	13
21.02.2025 00:00	107092.0	107956.0	105887.0	105887.0	5
24.02.2025 00:00	107116.0	107331.0	105730.0	105730.0	25
25.02.2025 00:00	105201.0	105201.0	103103.0	103301.0	32
26.02.2025 00:00	103988.0	106597.0	103050.0	106597.0	24
27.02.2025 00:00	105254.0	108200.0	105094.0	108134.0	56
28.02.2025 00:00	107800.0	107933.0	106300.0	107700.0	19
03.03.2025 00:00	107300.0	107430.0	106106.0	106106.0	12
04.03.2025 00:00	106071.0	106700.0	105768.0	106700.0	44
05.03.2025 00:00	105749.0	107280.0	105749.0	107280.0	25
06.03.2025 00:00	108046.0	108046.0	106099.0	106370.0	60
07.03.2025 00:00	106209.0	114592.0	105090.0	106000.0	269
10.03.2025 00:00	105313.0	105338.0	102515.0	103275.0	177
11.03.2025 00:00	103170.0	103907.0	101700.0	102502.0	93
12.03.2025 00:00	102350.0	103258.0	102003.0	102636.0	11
13.03.2025 00:00	103440.0	104233.0	101250.0	101600.0	58
14.03.2025 00:00	101809.0	101809.0	101000.0	101499.0	14
17.03.2025 00:00	101400.0	101400.0	99000.0	99000.0	74
18.03.2025 00:00	98602.0	101700.0	97385.0	101700.0	157
19.03.2025 00:00	100158.0	102155.0	100156.0	101953.0	115
20.03.2025 00:00	102000.0	103312.0	101900.0	102885.0	78
21.03.2025 00:00	103437.0	103606.0	102225.0	102742.0	72
24.03.2025 00:00	102129.0	103697.0	101147.0	103001.0	173
25.03.2025 00:00	102453.0	102838.0	101487.0	101754.0	33
26.03.2025 00:00	102122.0	102122.0	101070.0	101570.0	115
27.03.2025 00:00	101503.0	101503.0	100700.0	100864.0	39
28.03.2025 00:00	100998.0	103500.0	100990.0	103171.0	32
31.03.2025 00:00	103473.0	103777.0	102119.0	102500.0	20
01.04.2025 00:00	102999.0	102999.0	101131.0	101875.0	22
02.04.2025 00:00	101777.0	101777.0	101460.0	101497.0	20
03.04.2025 00:00	101104.0	102219.0	100800.0	101838.0	66
04.04.2025 00:00	101400.0	103501.0	101000.0	102906.0	174
07.04.2025 00:00	103369.0	104494.0	103271.0	103502.0	63
08.04.2025 00:00	103350.0	103799.0	102842.0	103799.0	41
09.04.2025 00:00	104300.0	105478.0	102192.0	102215.0	123
10.04.2025 00:00	102138.0	102725.0	102106.0	102442.0	69
11.04.2025 00:00	101778.0	102095.0	100000.0	100600.0	91
14.04.2025 00:00	100592.0	100793.0	99998.0	100201.0	61
15.04.2025 00:00	100200.0	100289.0	99398.0	100289.0	24
16.04.2025 00:00	99901.0	101698.0	99900.0	100753.0	64
17.04.2025 00:00	101198.0	101198.0	98280.0	98545.0	135
18.04.2025 00:00	98890.0	99300.0	97673.0	98476.0	69
21.04.2025 00:00	98400.0	98800.0	97767.0	98800.0	70
22.04.2025 00:00	98450.0	98660.0	97000.0	97999.0	199
23.04.2025 00:00	97999.0	99627.0	97702.0	99300.0	255
24.04.2025 00:00	99023.0	99023.0	97978.0	97978.0	265
25.04.2025 00:00	98109.0	98110.0	97276.0	97512.0	86
28.04.2025 00:00	97710.0	97710.0	96470.0	96688.0	94
29.04.2025 00:00	96665.0	96699.0	96253.0	96378.0	24
30.04.2025 00:00	96421.0	96421.0	96005.0	96350.0	39
02.05.2025 00:00	97392.0	98263.0	97392.0	97629.0	128
05.05.2025 00:00	98003.0	98004.0	96115.0	96459.0	33
06.05.2025 00:00	96418.0	96799.0	96251.0	96288.0	24
07.05.2025 00:00	96104.0	96271.0	95525.0	96271.0	144
08.05.2025 00:00	96697.0	97489.0	96408.0	96730.0	35
12.05.2025 00:00	96405.0	96979.0	95610.0	95980.0	172
13.05.2025 00:00	95840.0	95900.0	95250.0	95250.0	78
14.05.2025 00:00	95111.0	95457.0	95000.0	95457.0	98
15.05.2025 00:00	95303.0	95445.0	95002.0	95436.0	44
16.05.2025 00:00	95528.0	98850.0	95500.0	95774.0	88
19.05.2025 00:00	95507.0	95507.0	94900.0	94900.0	63
20.05.2025 00:00	95234.0	95628.0	94818.0	95370.0	39
21.05.2025 00:00	95299.0	95299.0	93305.0	94080.0	143
22.05.2025 00:00	93630.0	93800.0	92546.0	93800.0	101
23.05.2025 00:00	93306.0	93512.0	92751.0	93335.0	25
26.05.2025 00:00	92930.0	93998.0	92831.0	93998.0	37
27.05.2025 00:00	94103.0	94164.0	93383.0	94164.0	8
28.05.2025 00:00	93456.0	93604.0	93074.0	93179.0	27
29.05.2025 00:00	92900.0	93001.0	91150.0	91150.0	118
30.05.2025 00:00	91689.0	91999.0	91407.0	91999.0	42
02.06.2025 00:00	92000.0	92221.0	91699.0	91699.0	64
03.06.2025 00:00	91901.0	92002.0	91293.0	92002.0	13
04.06.2025 00:00	91226.0	92785.0	91226.0	92093.0	46
05.06.2025 00:00	92661.0	92775.0	92000.0	92356.0	46
06.06.2025 00:00	92484.0	92484.0	91700.0	91900.0	41
09.06.2025 00:00	92190.0	92247.0	91400.0	91400.0	46
10.06.2025 00:00	91555.0	91555.0	90000.0	90539.0	134
11.06.2025 00:00	90302.0	91714.0	90301.0	91714.0	119
13.06.2025 00:00	91714.0	91714.0	88601.0	89773.0	245
16.06.2025 00:00	89853.0	89999.0	89370.0	89658.0	258
17.06.2025 00:00	89623.0	89968.0	89522.0	89793.0	415
18.06.2025 00:00	89832.0	89832.0	89499.0	89620.0	108
19.06.2025 00:00	89520.0	90432.0	89475.0	90311.0	220
20.06.2025 00:00	90300.0	90394.0	89892.0	89994.0	155
23.06.2025 00:00	89806.0	90111.0	89500.0	89700.0	574
24.06.2025 00:00	89802.0	90547.0	89570.0	89656.0	657
25.06.2025 00:00	89665.0	89800.0	89004.0	89153.0	640
26.06.2025 00:00	89228.0	89420.0	88873.0	89240.0	378
27.06.2025 00:00	89240.0	89240.0	88800.0	88900.0	534
30.06.2025 00:00	88989.0	89000.0	88397.0	88549.0	271
01.07.2025 00:00	88551.0	88821.0	88424.0	88482.0	507
02.07.2025 00:00	88555.0	88780.0	88527.0	88727.0	565
03.07.2025 00:00	88719.0	89007.0	88652.0	88862.0	712
04.07.2025 00:00	88862.0	88972.0	88520.0	88531.0	1140
07.07.2025 00:00	88652.0	88759.0	87335.0	87377.0	742
08.07.2025 00:00	87370.0	87609.0	87248.0	87599.0	390
09.07.2025 00:00	87604.0	87744.0	87260.0	87613.0	503
10.07.2025 00:00	87531.0	87580.0	86779.0	86890.0	1045
11.07.2025 00:00	87001.0	87899.0	86885.0	87885.0	467
14.07.2025 00:00	87665.0	87850.0	87049.0	87230.0	1342
15.07.2025 00:00	87979.0	87979.0	86760.0	86930.0	438
16.07.2025 00:00	86892.0	86921.0	86701.0	86753.0	97
17.07.2025 00:00	86821.0	87032.0	86550.0	86735.0	868
18.07.2025 00:00	86686.0	87193.0	86631.0	87002.0	865
21.07.2025 00:00	87011.0	87011.0	86295.0	86339.0	283
22.07.2025 00:00	86359.0	86803.0	86300.0	86602.0	530
23.07.2025 00:00	86647.0	86862.0	86565.0	86717.0	359
24.07.2025 00:00	86873.0	87787.0	86873.0	87370.0	430
25.07.2025 00:00	87383.0	87600.0	87041.0	87359.0	385
28.07.2025 00:00	87306.0	89422.0	87040.0	89422.0	778
29.07.2025 00:00	89237.0	90444.0	89236.0	89904.0	740
30.07.2025 00:00	90004.0	90178.0	88307.0	88685.0	669
31.07.2025 00:00	88501.0	88501.0	86875.0	87725.0	574
01.08.2025 00:00	87697.0	87857.0	87002.0	87362.0	252
04.08.2025 00:00	87148.0	87400.0	86660.0	86827.0	230
05.08.2025 00:00	86897.0	87235.0	86765.0	86964.0	175
06.08.2025 00:00	86988.0	87255.0	86081.0	86602.0	904
07.08.2025 00:00	86604.0	86643.0	86011.0	86300.0	576
08.08.2025 00:00	86200.0	86988.0	85791.0	86509.0	3273
11.08.2025 00:00	86509.0	86509.0	85850.0	86152.0	6060
12.08.2025 00:00	86197.0	86304.0	85625.0	85772.0	5747
13.08.2025 00:00	85747.0	86122.0	85686.0	86102.0	313
14.08.2025 00:00	86036.0	86275.0	85627.0	86250.0	584
15.08.2025 00:00	86258.0	86315.0	85832.0	86100.0	230
18.08.2025 00:00	86194.0	86945.0	85950.0	86660.0	2666
19.08.2025 00:00	86872.0	86950.0	86315.0	86491.0	5989
20.08.2025 00:00	86474.0	86545.0	86000.0	86216.0	5407
21.08.2025 00:00	86209.0	86890.0	86201.0	86744.0	450
22.08.2025 00:00	86750.0	87275.0	86710.0	86900.0	497
25.08.2025 00:00	87003.0	87146.0	86051.0	86358.0	900
26.08.2025 00:00	86348.0	86429.0	85850.0	86416.0	11498
27.08.2025 00:00	86355.0	86615.0	86001.0	86436.0	547
28.08.2025 00:00	86538.0	86561.0	86000.0	86204.0	952
29.08.2025 00:00	86218.0	86373.0	85900.0	86118.0	783
01.09.2025 00:00	86117.0	86182.0	85691.0	85752.0	1968
02.09.2025 00:00	85777.0	86134.0	85701.0	86092.0	940
03.09.2025 00:00	86099.0	86590.0	86060.0	86432.0	802
04.09.2025 00:00	86474.0	86980.0	86390.0	86793.0	893
05.09.2025 00:00	86691.0	87145.0	86643.0	87080.0	1209
08.09.2025 00:00	87089.0	88471.0	87089.0	88376.0	1957
09.09.2025 00:00	88395.0	89622.0	88390.0	89563.0	2591
10.09.2025 00:00	89508.0	90500.0	89403.0	90250.0	3288
11.09.2025 00:00	90349.0	90930.0	89621.0	90261.0	3312
12.09.2025 00:00	90301.0	90552.0	88843.0	89098.0	6632
15.09.2025 00:00	89099.0	89099.0	87584.0	87840.0	5179
16.09.2025 00:00	87840.0	88888.0	87363.0	88550.0	3438
17.09.2025 00:00	88586.0	89511.0	88586.0	89434.0	7286
18.09.2025 00:00	89430.0	89980.0	88409.0	89116.0	35699
19.09.2025 00:00	89117.0	89730.0	88950.0	89393.0	5253
22.09.2025 00:00	89371.0	89841.0	88865.0	89206.0	6394
23.09.2025 00:00	89175.0	89839.0	88611.0	89650.0	6400
24.09.2025 00:00	89650.0	89891.0	88785.0	88980.0	19084
25.09.2025 00:00	89650.0	89650.0	88737.0	89264.0	16090
26.09.2025 00:00	89303.0	89357.0	88377.0	88627.0	17110
29.09.2025 00:00	88500.0	88715.0	87841.0	88077.0	11702
30.09.2025 00:00	87999.0	88228.0	86750.0	87038.0	22579
01.10.2025 00:00	87074.0	87159.0	85581.0	85747.0	11838
02.10.2025 00:00	85743.0	85950.0	84729.0	85360.0	15309
03.10.2025 00:00	85399.0	87248.0	85288.0	87116.0	11439
06.10.2025 00:00	87101.0	87638.0	86591.0	86731.0	10858
07.10.2025 00:00	86719.0	86778.0	85808.0	86447.0	10364
08.10.2025 00:00	86427.0	86620.0	85400.0	85549.0	24604
09.10.2025 00:00	85520.0	86250.0	85349.0	86000.0	11468
10.10.2025 00:00	86000.0	86321.0	85622.0	86177.0	13943
13.10.2025 00:00	86009.0	86064.0	84220.0	84617.0	17677
14.10.2025 00:00	84557.0	84769.0	83714.0	83895.0	15707
15.10.2025 00:00	83809.0	83809.0	82460.0	82592.0	30005
16.10.2025 00:00	82572.0	84776.0	82259.0	84233.0	29522
17.10.2025 00:00	84202.0	86073.0	84106.0	85600.0	19956
20.10.2025 00:00	85658.0	85728.0	84767.0	85040.0	28268
21.10.2025 00:00	84809.0	86241.0	84809.0	85819.0	25682
22.10.2025 00:00	85891.0	86898.0	85350.0	85849.0	13381
23.10.2025 00:00	86108.0	86255.0	85142.0	85627.0	13912
24.10.2025 00:00	85740.0	85905.0	83402.0	83722.0	47882
27.10.2025 00:00	83654.0	84009.0	82697.0	83839.0	17228
28.10.2025 00:00	83851.0	84348.0	83249.0	83570.0	10256
29.10.2025 00:00	83602.0	84144.0	83293.0	83865.0	10958
30.10.2025 00:00	83883.0	84988.0	83883.0	84671.0	13344
31.10.2025 00:00	84608.0	85035.0	84048.0	84230.0	20462
01.11.2025 00:00	84300.0	84458.0	83760.0	84401.0	8523
03.11.2025 00:00	84404.0	84570.0	83386.0	83710.0	5281
05.11.2025 00:00	83717.0	85377.0	83717.0	85184.0	16580
06.11.2025 00:00	85303.0	85481.0	84485.0	84877.0	8410
07.11.2025 00:00	84902.0	85174.0	84229.0	84570.0	8730
10.11.2025 00:00	84575.0	85048.0	84295.0	84748.0	12289
11.11.2025 00:00	84744.0	85367.0	84171.0	84574.0	12228
12.11.2025 00:00	84597.0	84878.0	84274.0	84394.0	24390
13.11.2025 00:00	84498.0	84498.0	83501.0	84107.0	16763
14.11.2025 00:00	84129.0	84927.0	84041.0	84309.0	45588
17.11.2025 00:00	84300.0	84804.0	83858.0	84202.0	62584
18.11.2025 00:00	84210.0	84472.0	83870.0	84353.0	42621
19.11.2025 00:00	84304.0	84409.0	83409.0	83758.0	41878
20.11.2025 00:00	83800.0	84199.0	82686.0	82706.0	69881
21.11.2025 00:00	82705.0	82900.0	81533.0	81931.0	232148
24.11.2025 00:00	81821.0	82155.0	81250.0	81452.0	69551
25.11.2025 00:00	81457.0	82257.0	81237.0	81684.0	74942
26.11.2025 00:00	81686.0	81754.0	81129.0	81291.0	64648
27.11.2025 00:00	81349.0	81462.0	80737.0	80986.0	87566
28.11.2025 00:00	80988.0	81363.0	80100.0	80142.0	62880
01.12.2025 00:00	80228.0	80641.0	80000.0	80189.0	71109
02.12.2025 00:00	80188.0	80758.0	79707.0	80161.0	102828
03.12.2025 00:00	80282.0	80778.0	79013.0	79309.0	89472
04.12.2025 00:00	79317.0	79560.0	77831.0	78081.0	115309
05.12.2025 00:00	78909.0	79625.0	77540.0	79396.0	225276
08.12.2025 00:00	79397.0	79980.0	78600.0	79140.0	333371
09.12.2025 00:00	79211.0	80189.0	78750.0	79825.0	291288
10.12.2025 00:00	79820.0	81487.0	79523.0	81230.0	408849
11.12.2025 00:00	81230.0	82111.0	80700.0	81727.0	501156
12.12.2025 00:00	81727.0	82177.0	81192.0	81635.0	328276
15.12.2025 00:00	81700.0	81904.0	80840.0	81755.0	544701
16.12.2025 00:00	81760.0	81816.0	81290.0	81579.0	622001
17.12.2025 00:00	81550.0	82774.0	81512.0	82600.0	1114561
18.12.2025 00:00	82602.0	83492.0	81930.0	83240.0	1267159
19.12.2025 00:00	83260.0	83959.0	81950.0	82159.0	1569078
22.12.2025 00:00	82090.0	82129.0	80147.0	80315.0	1357311
23.12.2025 00:00	80249.0	80687.0	79388.0	79846.0	1402319
24.12.2025 00:00	79805.0	81112.0	79565.0	80221.0	1686887
25.12.2025 00:00	80221.0	80286.0	79108.0	79247.0	1150480
26.12.2025 00:00	79270.0	80055.0	78733.0	79050.0	1226846
29.12.2025 00:00	79050.0	79850.0	78833.0	79618.0	747122
30.12.2025 00:00	79611.0	80531.0	79104.0	80223.0	1412345
05.01.2026 00:00	80265.0	81819.0	80200.0	81660.0	409530
06.01.2026 00:00	81714.0	81853.0	80713.0	80870.0	306041
08.01.2026 00:00	80946.0	81495.0	80579.0	80793.0	398207
09.01.2026 00:00	80800.0	80905.0	79850.0	79880.0	324000
12.01.2026 00:00	79900.0	80780.0	79622.0	80430.0	613355
13.01.2026 00:00	80440.0	80615.0	79987.0	80330.0	510956
14.01.2026 00:00	80328.0	80534.0	79374.0	79559.0	831572
15.01.2026 00:00	79551.0	80387.0	79158.0	79460.0	1203008
16.01.2026 00:00	79460.0	79675.0	78945.0	79437.0	858010
19.01.2026 00:00	79426.0	79720.0	79093.0	79266.0	430293
20.01.2026 00:00	79210.0	79718.0	79007.0	79303.0	753346
21.01.2026 00:00	79301.0	79450.0	77700.0	77862.0	813169
22.01.2026 00:00	77936.0	77988.0	76810.0	76872.0	816440
23.01.2026 00:00	76872.0	77421.0	76529.0	76649.0	696580
26.01.2026 00:00	76674.0	78212.0	76550.0	78054.0	1175552
27.01.2026 00:00	78093.0	78340.0	77009.0	77258.0	885835
28.01.2026 00:00	77161.0	77900.0	76819.0	77592.0	1187862
29.01.2026 00:00	77548.0	77704.0	76152.0	76460.0	1519260
30.01.2026 00:00	76460.0	77560.0	76305.0	77258.0	1239373
02.02.2026 00:00	77260.0	78750.0	77260.0	77783.0	1245773
03.02.2026 00:00	77728.0	78369.0	77550.0	78161.0	1106563
04.02.2026 00:00	78161.0	78400.0	77700.0	77787.0	319414
