datetime	open	high	low	close	volume
20.03.2024 16:00	121280.0	121280.0	103210.0	103210.0	7
21.03.2024 11:00	118760.0	118760.0	108500.0	108500.0	4
31.05.2024 19:00	106700.0	108360.0	106700.0	108360.0	2
31.05.2024 20:00	112450.0	112450.0	112390.0	112390.0	2
17.06.2024 10:00	123050.0	123050.0	103630.0	103630.0	2
17.06.2024 11:00	114590.0	114650.0	114590.0	114650.0	2
26.12.2024 21:00	98630.0	98630.0	97010.0	97010.0	4
20.01.2025 10:00	100500.0	101810.0	100500.0	101810.0	2
13.02.2025 17:00	113820.0	113820.0	113200.0	113200.0	2
20.02.2025 15:00	119990.0	119990.0	118680.0	118680.0	2
24.02.2025 17:00	119860.0	119940.0	119860.0	119940.0	2
26.02.2025 15:00	119150.0	120180.0	119150.0	120180.0	3
28.02.2025 19:00	116550.0	118880.0	116550.0	118880.0	6
28.02.2025 21:00	118120.0	118120.0	117840.0	117840.0	2
05.03.2025 22:00	115890.0	117640.0	111870.0	117640.0	3
12.03.2025 17:00	115990.0	119230.0	115990.0	119230.0	4
14.03.2025 16:00	119200.0	119450.0	119200.0	119450.0	2
18.03.2025 11:00	125730.0	130290.0	125730.0	126710.0	13
18.03.2025 17:00	124600.0	124600.0	123900.0	123900.0	3
18.03.2025 18:00	123240.0	123240.0	122680.0	122680.0	3
18.03.2025 19:00	125840.0	127500.0	125840.0	127500.0	3
20.03.2025 11:00	119280.0	119280.0	118380.0	118380.0	4
20.03.2025 15:00	118800.0	124320.0	118470.0	124320.0	12
24.03.2025 14:00	118160.0	118160.0	117780.0	117780.0	2
28.03.2025 12:00	113630.0	114620.0	113630.0	114620.0	2
28.03.2025 16:00	110950.0	111230.0	110950.0	111230.0	2
28.03.2025 21:00	108740.0	108740.0	108200.0	108200.0	4
28.03.2025 22:00	108200.0	108210.0	107780.0	107780.0	4
01.04.2025 10:00	110300.0	110950.0	109140.0	109140.0	3
04.04.2025 13:00	104290.0	104290.0	103620.0	103620.0	3
04.04.2025 14:00	101440.0	101440.0	99300.0	100430.0	6
04.04.2025 15:00	100740.0	101220.0	100610.0	101220.0	3
07.04.2025 09:00	98070.0	98070.0	96000.0	96000.0	2
07.04.2025 15:00	96810.0	96810.0	96500.0	96500.0	2
08.04.2025 19:00	98450.0	98450.0	97400.0	97400.0	2
11.04.2025 18:00	105530.0	105530.0	105010.0	105010.0	2
15.04.2025 10:00	104090.0	104090.0	103900.0	103900.0	2
06.05.2025 12:00	105210.0	105480.0	105210.0	105480.0	2
13.05.2025 17:00	112310.0	112310.0	111470.0	111470.0	2
15.05.2025 15:00	108760.0	108760.0	108080.0	108080.0	3
26.05.2025 15:00	105000.0	105630.0	103000.0	105630.0	4
06.06.2025 13:00	111160.0	111160.0	111040.0	111040.0	2
09.06.2025 11:00	107030.0	107710.0	107030.0	107300.0	8
11.06.2025 13:00	108210.0	108690.0	108210.0	108420.0	5
17.06.2025 11:00	108960.0	108990.0	108960.0	108990.0	2
19.06.2025 20:00	108600.0	108600.0	108370.0	108590.0	3
20.06.2025 16:00	107620.0	107620.0	107500.0	107500.0	3
23.06.2025 10:00	107000.0	107000.0	106440.0	106780.0	7
23.06.2025 15:00	106980.0	107110.0	106970.0	107110.0	5
23.06.2025 16:00	107310.0	107340.0	107310.0	107340.0	3
24.06.2025 10:00	104820.0	104890.0	104820.0	104890.0	3
24.06.2025 14:00	105510.0	105510.0	105500.0	105500.0	2
24.06.2025 16:00	105600.0	105860.0	105600.0	105860.0	3
25.06.2025 15:00	108000.0	108090.0	108000.0	108090.0	3
26.06.2025 09:00	108150.0	108470.0	107910.0	108470.0	7
27.06.2025 18:00	109040.0	109230.0	109040.0	109230.0	2
30.06.2025 13:00	109500.0	111170.0	109500.0	111170.0	109
30.06.2025 14:00	111170.0	111290.0	111100.0	111230.0	11
01.07.2025 09:00	112220.0	112220.0	111800.0	111800.0	3
02.07.2025 09:00	111140.0	111150.0	111140.0	111150.0	3
02.07.2025 10:00	111490.0	111490.0	110670.0	110670.0	3
02.07.2025 14:00	110910.0	110910.0	110820.0	110820.0	2
02.07.2025 16:00	110960.0	110960.0	110910.0	110910.0	2
02.07.2025 18:00	110190.0	110280.0	110190.0	110280.0	2
02.07.2025 19:00	110210.0	110400.0	110210.0	110400.0	2
02.07.2025 20:00	110590.0	110620.0	110590.0	110620.0	2
03.07.2025 09:00	111030.0	111030.0	110530.0	110530.0	2
03.07.2025 23:00	109700.0	109740.0	109700.0	109740.0	2
04.07.2025 13:00	109850.0	109850.0	109840.0	109840.0	2
04.07.2025 16:00	110240.0	110240.0	109990.0	110000.0	3
07.07.2025 10:00	109020.0	109040.0	109020.0	109040.0	3
07.07.2025 12:00	109760.0	109880.0	109760.0	109880.0	2
07.07.2025 16:00	109900.0	109980.0	109900.0	109980.0	5
07.07.2025 17:00	110000.0	110000.0	109800.0	109800.0	6
08.07.2025 13:00	110070.0	110070.0	109610.0	109610.0	4
08.07.2025 17:00	110030.0	110040.0	110030.0	110040.0	2
10.07.2025 19:00	109020.0	109520.0	109020.0	109520.0	2
11.07.2025 17:00	107390.0	107390.0	104130.0	104130.0	29
11.07.2025 18:00	104000.0	104180.0	104000.0	104180.0	4
11.07.2025 19:00	104090.0	104090.0	103970.0	103970.0	4
14.07.2025 09:00	103600.0	103620.0	103600.0	103620.0	3
14.07.2025 10:00	103850.0	104020.0	103750.0	104020.0	6
14.07.2025 11:00	103950.0	103950.0	103810.0	103810.0	2
14.07.2025 18:00	104270.0	107030.0	104270.0	106770.0	4
14.07.2025 19:00	107680.0	108300.0	107680.0	108300.0	4
15.07.2025 12:00	108580.0	108580.0	108500.0	108500.0	4
15.07.2025 18:00	108830.0	108930.0	108830.0	108930.0	2
17.07.2025 10:00	109810.0	110000.0	109810.0	110000.0	2
18.07.2025 09:00	109830.0	109830.0	109780.0	109780.0	2
18.07.2025 10:00	110070.0	110480.0	110070.0	110480.0	5
18.07.2025 14:00	110910.0	110920.0	110910.0	110920.0	2
18.07.2025 16:00	110930.0	111060.0	110910.0	111060.0	5
21.07.2025 13:00	114080.0	114080.0	113690.0	113690.0	4
22.07.2025 14:00	114300.0	114330.0	114300.0	114330.0	2
22.07.2025 20:00	114620.0	114620.0	114120.0	114120.0	2
23.07.2025 14:00	114780.0	114880.0	114710.0	114710.0	3
25.07.2025 13:00	112490.0	112490.0	112000.0	112000.0	4
28.07.2025 15:00	108830.0	108830.0	108080.0	108140.0	16
28.07.2025 16:00	108220.0	108220.0	107510.0	107510.0	26
29.07.2025 10:00	106120.0	106120.0	106000.0	106000.0	3
05.08.2025 11:00	110190.0	110190.0	109830.0	109830.0	13
06.08.2025 22:00	113780.0	115450.0	113780.0	114100.0	12
06.08.2025 23:00	113150.0	113680.0	113150.0	113680.0	2
07.08.2025 11:00	115500.0	116190.0	115060.0	116190.0	8
07.08.2025 13:00	115570.0	115570.0	115140.0	115140.0	2
07.08.2025 17:00	115820.0	116000.0	115820.0	116000.0	5
07.08.2025 18:00	116000.0	116000.0	115440.0	115440.0	14
07.08.2025 19:00	115190.0	115200.0	115190.0	115200.0	6
07.08.2025 21:00	115550.0	115550.0	115270.0	115360.0	3
11.08.2025 22:00	117780.0	118290.0	117780.0	118290.0	2
12.08.2025 11:00	118040.0	118140.0	118040.0	118140.0	3
12.08.2025 17:00	119070.0	119100.0	119070.0	119100.0	2
18.08.2025 10:00	117500.0	117590.0	117310.0	117550.0	5
18.08.2025 11:00	117140.0	117770.0	117140.0	117770.0	3
19.08.2025 13:00	118680.0	118680.0	118650.0	118650.0	2
19.08.2025 14:00	118750.0	119110.0	118750.0	118830.0	4
20.08.2025 10:00	117970.0	118340.0	117970.0	118340.0	5
20.08.2025 12:00	118330.0	118340.0	118330.0	118340.0	3
20.08.2025 14:00	117550.0	117590.0	117350.0	117350.0	5
20.08.2025 15:00	117300.0	117370.0	117300.0	117370.0	3
21.08.2025 10:00	116290.0	116360.0	115950.0	115950.0	3
21.08.2025 16:00	115830.0	115830.0	115440.0	115440.0	5
26.08.2025 10:00	116340.0	116380.0	115890.0	115890.0	28
26.08.2025 15:00	115960.0	115960.0	115910.0	115910.0	3
26.08.2025 16:00	115520.0	115520.0	115390.0	115390.0	10
28.08.2025 14:00	116150.0	116180.0	116150.0	116180.0	4
28.08.2025 21:00	115130.0	115130.0	114790.0	114790.0	3
29.08.2025 09:00	115220.0	115610.0	115170.0	115170.0	9
29.08.2025 12:00	114970.0	115130.0	114970.0	115090.0	8
29.08.2025 14:00	115430.0	115430.0	115400.0	115420.0	8
02.09.2025 15:00	114570.0	114570.0	114460.0	114460.0	2
02.09.2025 16:00	114260.0	114360.0	114240.0	114360.0	4
02.09.2025 17:00	114530.0	114530.0	114370.0	114370.0	2
04.09.2025 14:00	114570.0	114570.0	114470.0	114470.0	2
04.09.2025 17:00	114000.0	114390.0	114000.0	114390.0	3
08.09.2025 09:00	114500.0	114500.0	114280.0	114280.0	3
08.09.2025 11:00	114140.0	114140.0	113970.0	113970.0	2
09.09.2025 11:00	112970.0	112970.0	112500.0	112500.0	5
09.09.2025 13:00	112400.0	112400.0	112380.0	112380.0	4
09.09.2025 16:00	112380.0	112380.0	112290.0	112290.0	3
09.09.2025 21:00	111970.0	111970.0	111820.0	111820.0	7
10.09.2025 09:00	111370.0	111370.0	111230.0	111230.0	4
10.09.2025 10:00	110740.0	110800.0	110740.0	110800.0	2
10.09.2025 11:00	110960.0	110980.0	110960.0	110980.0	2
10.09.2025 12:00	110580.0	110880.0	110580.0	110880.0	2
10.09.2025 14:00	110670.0	111130.0	110670.0	110870.0	9
11.09.2025 09:00	110530.0	110530.0	110520.0	110520.0	2
12.09.2025 10:00	110170.0	110640.0	110090.0	110090.0	3
12.09.2025 13:00	109920.0	109920.0	109620.0	109620.0	4
12.09.2025 14:00	110440.0	110580.0	110440.0	110580.0	3
12.09.2025 15:00	109960.0	110550.0	108500.0	109730.0	34
12.09.2025 16:00	109220.0	109270.0	109140.0	109170.0	4
12.09.2025 19:00	108280.0	108290.0	107330.0	107330.0	28
12.09.2025 20:00	108390.0	108390.0	108160.0	108160.0	3
13.09.2025 15:00	108390.0	108390.0	108200.0	108200.0	3
14.09.2025 11:00	108020.0	108020.0	107960.0	107960.0	3
14.09.2025 12:00	107770.0	109820.0	107510.0	109820.0	6
14.09.2025 17:00	109140.0	109210.0	109140.0	109210.0	2
15.09.2025 09:00	108630.0	109330.0	108630.0	108870.0	15
15.09.2025 11:00	109160.0	109170.0	109160.0	109170.0	4
16.09.2025 12:00	109010.0	109080.0	108000.0	108540.0	31
16.09.2025 13:00	108120.0	108270.0	108040.0	108270.0	6
16.09.2025 14:00	108570.0	108650.0	108480.0	108480.0	4
16.09.2025 16:00	107950.0	107950.0	107630.0	107770.0	3
17.09.2025 09:00	108500.0	108500.0	107600.0	107920.0	13
17.09.2025 10:00	107150.0	107600.0	107150.0	107600.0	5
17.09.2025 11:00	107870.0	107870.0	107450.0	107500.0	3
17.09.2025 13:00	107800.0	108480.0	107800.0	108480.0	7
17.09.2025 17:00	108010.0	108010.0	107860.0	107860.0	4
18.09.2025 10:00	107540.0	107700.0	107540.0	107700.0	3
18.09.2025 15:00	107150.0	107520.0	106900.0	107220.0	17
18.09.2025 16:00	107390.0	107390.0	106700.0	106800.0	13
18.09.2025 17:00	106710.0	107330.0	106700.0	106890.0	15
18.09.2025 18:00	106890.0	107340.0	106890.0	107340.0	6
18.09.2025 19:00	107400.0	107430.0	107400.0	107430.0	3
18.09.2025 20:00	107280.0	107280.0	106580.0	106630.0	4
18.09.2025 21:00	106540.0	106860.0	106540.0	106710.0	4
18.09.2025 22:00	106840.0	106850.0	106730.0	106790.0	4
19.09.2025 10:00	106930.0	106970.0	106930.0	106970.0	3
19.09.2025 11:00	106500.0	106650.0	105770.0	105770.0	16
19.09.2025 12:00	105770.0	105910.0	105720.0	105730.0	12
19.09.2025 13:00	105730.0	105780.0	105140.0	105140.0	13
19.09.2025 14:00	105290.0	105410.0	105290.0	105410.0	3
19.09.2025 15:00	105530.0	105700.0	105530.0	105650.0	3
19.09.2025 16:00	105760.0	105760.0	105670.0	105680.0	4
19.09.2025 17:00	105550.0	105550.0	104780.0	104780.0	53
19.09.2025 18:00	104580.0	104700.0	104580.0	104700.0	3
19.09.2025 19:00	104500.0	104500.0	104000.0	104100.0	8
19.09.2025 20:00	104040.0	104240.0	104040.0	104230.0	6
19.09.2025 21:00	104370.0	104370.0	104000.0	104000.0	6
19.09.2025 23:00	103940.0	103990.0	103940.0	103990.0	4
22.09.2025 09:00	103980.0	103990.0	103540.0	103700.0	19
22.09.2025 10:00	103570.0	103710.0	103090.0	103400.0	21
22.09.2025 11:00	103480.0	103490.0	103160.0	103410.0	8
22.09.2025 12:00	103410.0	103410.0	102800.0	102850.0	16
22.09.2025 13:00	102950.0	103160.0	102950.0	103160.0	10
22.09.2025 14:00	103360.0	104110.0	103290.0	103810.0	75
22.09.2025 15:00	103860.0	103970.0	103680.0	103820.0	40
22.09.2025 16:00	103430.0	103600.0	103400.0	103400.0	7
22.09.2025 17:00	103300.0	104440.0	103300.0	104380.0	55
22.09.2025 18:00	104750.0	105010.0	104610.0	104610.0	20
22.09.2025 19:00	104650.0	104650.0	104560.0	104600.0	4
22.09.2025 20:00	104650.0	104930.0	104650.0	104910.0	6
23.09.2025 09:00	104340.0	104970.0	104330.0	104970.0	4
23.09.2025 11:00	105030.0	105180.0	105030.0	105180.0	4
23.09.2025 12:00	105380.0	105450.0	105210.0	105300.0	5
23.09.2025 13:00	104900.0	104900.0	104830.0	104830.0	2
23.09.2025 15:00	104810.0	104810.0	104690.0	104690.0	3
23.09.2025 17:00	104730.0	104730.0	104590.0	104590.0	5
23.09.2025 20:00	104210.0	104330.0	104050.0	104050.0	3
23.09.2025 21:00	104050.0	104050.0	103430.0	103430.0	21
23.09.2025 22:00	103310.0	103310.0	101670.0	101670.0	59
23.09.2025 23:00	101770.0	102080.0	101530.0	102080.0	16
24.09.2025 09:00	102100.0	102120.0	101390.0	101390.0	30
24.09.2025 10:00	101160.0	102720.0	101120.0	102590.0	26
24.09.2025 11:00	102570.0	103110.0	102300.0	102980.0	6
24.09.2025 12:00	103100.0	103410.0	103100.0	103130.0	17
24.09.2025 13:00	103030.0	103370.0	102990.0	103370.0	17
24.09.2025 14:00	103470.0	104040.0	103470.0	104040.0	4
24.09.2025 15:00	104190.0	104370.0	104090.0	104370.0	11
24.09.2025 16:00	104180.0	104520.0	104120.0	104440.0	19
24.09.2025 17:00	104360.0	104410.0	103970.0	103970.0	10
24.09.2025 18:00	103770.0	104150.0	103770.0	104150.0	3
24.09.2025 19:00	103540.0	103630.0	103540.0	103630.0	2
24.09.2025 20:00	104190.0	104190.0	103880.0	103880.0	9
24.09.2025 21:00	104150.0	104150.0	103850.0	103850.0	4
25.09.2025 09:00	104090.0	104310.0	103970.0	104310.0	5
25.09.2025 10:00	104180.0	104180.0	103410.0	103480.0	8
25.09.2025 11:00	103500.0	103830.0	103300.0	103830.0	8
25.09.2025 14:00	103290.0	103390.0	103290.0	103320.0	22
25.09.2025 15:00	103050.0	103050.0	102970.0	102970.0	3
25.09.2025 16:00	103280.0	103310.0	102890.0	102890.0	6
25.09.2025 17:00	102940.0	102940.0	102730.0	102730.0	3
25.09.2025 18:00	102450.0	102450.0	102260.0	102330.0	3
25.09.2025 20:00	102630.0	102630.0	102400.0	102400.0	3
25.09.2025 21:00	102250.0	102340.0	102250.0	102340.0	3
26.09.2025 09:00	102380.0	102390.0	102380.0	102390.0	2
26.09.2025 10:00	102600.0	102600.0	102080.0	102080.0	9
26.09.2025 11:00	102340.0	102500.0	102200.0	102500.0	8
26.09.2025 12:00	103100.0	103370.0	103100.0	103370.0	6
26.09.2025 13:00	103240.0	103580.0	103240.0	103300.0	13
26.09.2025 16:00	103170.0	103180.0	102900.0	102900.0	4
26.09.2025 17:00	102790.0	103840.0	102790.0	103840.0	15
26.09.2025 18:00	103920.0	104320.0	103770.0	104320.0	57
26.09.2025 19:00	104630.0	104630.0	103980.0	104520.0	35
26.09.2025 20:00	104360.0	104400.0	104300.0	104400.0	7
26.09.2025 21:00	104510.0	104550.0	103960.0	103960.0	15
26.09.2025 22:00	104220.0	104220.0	104180.0	104180.0	6
27.09.2025 10:00	103710.0	103840.0	103710.0	103840.0	2
29.09.2025 10:00	103600.0	104580.0	103600.0	104550.0	26
29.09.2025 11:00	104670.0	104810.0	104440.0	104710.0	21
29.09.2025 12:00	104850.0	105150.0	104730.0	104730.0	58
29.09.2025 13:00	104790.0	104960.0	104700.0	104960.0	34
29.09.2025 14:00	104990.0	105100.0	104710.0	104850.0	20
29.09.2025 15:00	104920.0	104930.0	104560.0	104720.0	20
29.09.2025 16:00	104470.0	104650.0	104180.0	104250.0	29
29.09.2025 17:00	104190.0	104400.0	104190.0	104310.0	22
29.09.2025 18:00	104100.0	104100.0	102510.0	102510.0	43
29.09.2025 19:00	102710.0	102710.0	102430.0	102510.0	22
29.09.2025 20:00	102510.0	102690.0	102400.0	102690.0	13
29.09.2025 21:00	102410.0	102410.0	102220.0	102250.0	5
29.09.2025 23:00	102740.0	102790.0	102740.0	102790.0	7
30.09.2025 09:00	102650.0	102770.0	102640.0	102770.0	19
30.09.2025 10:00	102750.0	102890.0	101910.0	102890.0	31
30.09.2025 11:00	102650.0	102650.0	102460.0	102500.0	4
30.09.2025 12:00	102760.0	102800.0	102110.0	102490.0	12
30.09.2025 13:00	102790.0	103490.0	102790.0	103300.0	13
30.09.2025 14:00	103470.0	103470.0	102980.0	102980.0	21
30.09.2025 15:00	103490.0	103490.0	103260.0	103260.0	9
30.09.2025 16:00	103570.0	104270.0	103570.0	104270.0	30
30.09.2025 17:00	104400.0	104490.0	104090.0	104250.0	12
30.09.2025 18:00	104200.0	104470.0	104040.0	104040.0	25
30.09.2025 19:00	104220.0	104220.0	103790.0	103790.0	55
30.09.2025 20:00	103360.0	103550.0	103260.0	103550.0	9
01.10.2025 09:00	103820.0	104190.0	103820.0	104190.0	7
01.10.2025 11:00	104350.0	105320.0	104350.0	104990.0	31
01.10.2025 12:00	105050.0	105050.0	105030.0	105030.0	6
01.10.2025 13:00	104910.0	104910.0	104070.0	104250.0	30
01.10.2025 14:00	104010.0	104230.0	103760.0	104090.0	28
01.10.2025 15:00	104150.0	104150.0	103650.0	103880.0	15
01.10.2025 16:00	103810.0	104550.0	103810.0	104550.0	6
01.10.2025 17:00	104450.0	104450.0	103680.0	104100.0	24
01.10.2025 18:00	104020.0	104200.0	103500.0	103500.0	28
01.10.2025 21:00	103250.0	103620.0	103250.0	103620.0	3
02.10.2025 09:00	103300.0	103840.0	103300.0	103730.0	14
02.10.2025 10:00	103860.0	103870.0	103010.0	103720.0	17
02.10.2025 11:00	103990.0	104120.0	103990.0	104010.0	6
02.10.2025 12:00	103700.0	104020.0	103700.0	104020.0	6
02.10.2025 14:00	103800.0	103880.0	103600.0	103880.0	8
02.10.2025 15:00	104060.0	104240.0	104060.0	104120.0	5
02.10.2025 17:00	104290.0	104490.0	104290.0	104350.0	5
02.10.2025 18:00	104320.0	104460.0	103980.0	103980.0	8
02.10.2025 19:00	104400.0	104490.0	104400.0	104490.0	4
02.10.2025 21:00	103800.0	103800.0	103730.0	103730.0	3
03.10.2025 09:00	104060.0	104060.0	103880.0	103880.0	3
03.10.2025 10:00	103910.0	104060.0	103840.0	103860.0	9
03.10.2025 11:00	103510.0	103540.0	103430.0	103430.0	5
03.10.2025 12:00	103360.0	103360.0	102000.0	102000.0	30
03.10.2025 13:00	101930.0	102170.0	101930.0	101990.0	13
03.10.2025 14:00	101830.0	101830.0	101350.0	101350.0	9
03.10.2025 16:00	101460.0	101740.0	101460.0	101740.0	4
03.10.2025 17:00	101320.0	101400.0	101260.0	101260.0	5
03.10.2025 18:00	101500.0	101500.0	100920.0	100920.0	69
03.10.2025 19:00	100840.0	100840.0	99940.0	99940.0	41
03.10.2025 20:00	100090.0	100200.0	99960.0	100200.0	6
04.10.2025 10:00	100060.0	100060.0	99660.0	99660.0	32
04.10.2025 12:00	99550.0	99550.0	99500.0	99500.0	6
04.10.2025 13:00	99200.0	99200.0	98820.0	98970.0	19
04.10.2025 15:00	99100.0	99470.0	99100.0	99470.0	24
05.10.2025 10:00	99350.0	99360.0	99040.0	99040.0	7
05.10.2025 13:00	99330.0	99330.0	99320.0	99320.0	2
05.10.2025 15:00	99610.0	99660.0	99610.0	99660.0	10
05.10.2025 18:00	99650.0	101690.0	99650.0	101690.0	31
06.10.2025 09:00	100290.0	100340.0	99390.0	99390.0	23
06.10.2025 10:00	99420.0	100730.0	99390.0	100730.0	25
06.10.2025 11:00	100600.0	100700.0	100510.0	100510.0	19
06.10.2025 12:00	100770.0	101140.0	100490.0	101100.0	33
06.10.2025 13:00	101020.0	101020.0	100730.0	100730.0	5
06.10.2025 14:00	100360.0	100460.0	100290.0	100290.0	9
06.10.2025 15:00	100280.0	100320.0	99670.0	100280.0	27
06.10.2025 16:00	100460.0	102000.0	100460.0	101790.0	47
06.10.2025 17:00	101870.0	102300.0	101690.0	101690.0	39
06.10.2025 18:00	102080.0	102820.0	102080.0	102750.0	14
06.10.2025 19:00	102710.0	103270.0	102490.0	103270.0	31
06.10.2025 20:00	103130.0	103130.0	102680.0	102870.0	45
06.10.2025 21:00	102680.0	102980.0	102550.0	102920.0	13
06.10.2025 23:00	102790.0	103090.0	102790.0	102850.0	5
07.10.2025 10:00	102890.0	103780.0	102810.0	103680.0	45
07.10.2025 11:00	103970.0	104400.0	103890.0	104100.0	19
07.10.2025 12:00	104150.0	104150.0	103680.0	103890.0	6
07.10.2025 13:00	103500.0	103800.0	103500.0	103800.0	8
07.10.2025 14:00	103780.0	103850.0	103700.0	103700.0	4
07.10.2025 15:00	103750.0	104000.0	103410.0	104000.0	8
07.10.2025 16:00	103810.0	103810.0	103560.0	103560.0	5
07.10.2025 17:00	103390.0	103400.0	103110.0	103390.0	16
07.10.2025 18:00	103230.0	103600.0	103230.0	103600.0	46
07.10.2025 19:00	103500.0	103500.0	103290.0	103290.0	27
07.10.2025 22:00	103420.0	103520.0	103420.0	103520.0	9
07.10.2025 23:00	103640.0	103670.0	103640.0	103670.0	2
08.10.2025 09:00	103980.0	104000.0	103420.0	103540.0	23
08.10.2025 10:00	104000.0	104000.0	103370.0	103380.0	21
08.10.2025 11:00	103440.0	103500.0	103160.0	103490.0	22
08.10.2025 12:00	103020.0	103040.0	102490.0	102790.0	99
08.10.2025 13:00	102720.0	102990.0	102310.0	102310.0	62
08.10.2025 14:00	102510.0	102580.0	102200.0	102200.0	102
08.10.2025 15:00	102130.0	102200.0	101340.0	101340.0	89
08.10.2025 16:00	101230.0	101830.0	101140.0	101160.0	70
08.10.2025 17:00	101190.0	101580.0	100800.0	100900.0	107
08.10.2025 18:00	101030.0	101300.0	100400.0	100700.0	37
08.10.2025 19:00	100170.0	101100.0	100170.0	101090.0	19
08.10.2025 20:00	101270.0	101390.0	100930.0	100930.0	8
08.10.2025 23:00	101250.0	101360.0	101170.0	101360.0	3
09.10.2025 09:00	101260.0	101260.0	100600.0	100600.0	25
09.10.2025 10:00	100700.0	101250.0	100690.0	100700.0	31
09.10.2025 11:00	100210.0	100220.0	99000.0	99860.0	149
09.10.2025 12:00	99790.0	102260.0	99790.0	101680.0	96
09.10.2025 13:00	101670.0	102310.0	101280.0	101580.0	36
09.10.2025 14:00	101210.0	101680.0	101210.0	101680.0	5
09.10.2025 15:00	101650.0	102370.0	101650.0	101920.0	11
09.10.2025 16:00	102500.0	103080.0	102490.0	103020.0	29
09.10.2025 17:00	102930.0	103300.0	102810.0	103230.0	25
09.10.2025 18:00	103440.0	103490.0	103360.0	103360.0	13
09.10.2025 19:00	103360.0	103360.0	103040.0	103050.0	20
09.10.2025 20:00	103010.0	103120.0	102840.0	103120.0	7
09.10.2025 21:00	103150.0	103320.0	103150.0	103320.0	5
09.10.2025 22:00	103050.0	103140.0	103050.0	103140.0	5
09.10.2025 23:00	103000.0	103050.0	102960.0	102960.0	9
10.10.2025 09:00	102660.0	102990.0	102350.0	102990.0	30
10.10.2025 10:00	102740.0	102860.0	102430.0	102460.0	25
10.10.2025 11:00	102990.0	103390.0	102990.0	103390.0	13
10.10.2025 12:00	103010.0	103010.0	102510.0	102510.0	10
10.10.2025 13:00	102460.0	102470.0	102000.0	102050.0	27
10.10.2025 14:00	101940.0	101940.0	101860.0	101860.0	3
10.10.2025 15:00	101730.0	102120.0	101510.0	101640.0	15
10.10.2025 16:00	101820.0	101820.0	100510.0	101170.0	70
10.10.2025 17:00	101140.0	102120.0	100800.0	101350.0	21
10.10.2025 18:00	101080.0	101340.0	100400.0	101010.0	55
10.10.2025 19:00	100860.0	100970.0	100770.0	100900.0	8
10.10.2025 21:00	100900.0	100900.0	100810.0	100820.0	3
10.10.2025 22:00	100890.0	100890.0	100530.0	100570.0	19
10.10.2025 23:00	100510.0	100530.0	100510.0	100520.0	7
11.10.2025 10:00	99830.0	100140.0	99830.0	100140.0	5
11.10.2025 14:00	100800.0	100990.0	100800.0	100990.0	2
12.10.2025 12:00	100870.0	100900.0	100870.0	100900.0	2
13.10.2025 09:00	101500.0	101990.0	101500.0	101990.0	18
13.10.2025 10:00	101780.0	102440.0	101310.0	101410.0	53
13.10.2025 11:00	101700.0	102210.0	101540.0	102160.0	18
13.10.2025 12:00	102200.0	102200.0	101730.0	101980.0	8
13.10.2025 13:00	101910.0	101910.0	101430.0	101430.0	4
13.10.2025 14:00	101300.0	102140.0	100890.0	102050.0	68
13.10.2025 15:00	102000.0	103040.0	102000.0	102980.0	120
13.10.2025 16:00	102780.0	102820.0	102530.0	102750.0	44
13.10.2025 17:00	102710.0	102710.0	101770.0	102170.0	31
13.10.2025 18:00	102110.0	102350.0	102110.0	102350.0	4
13.10.2025 19:00	102290.0	103010.0	102290.0	103010.0	17
13.10.2025 21:00	102620.0	102620.0	102520.0	102530.0	4
14.10.2025 09:00	101990.0	102270.0	101990.0	102270.0	2
14.10.2025 10:00	102140.0	102510.0	101980.0	102480.0	21
14.10.2025 11:00	103000.0	103190.0	102260.0	102540.0	15
14.10.2025 12:00	102440.0	102440.0	102130.0	102130.0	3
14.10.2025 13:00	102190.0	102450.0	101980.0	102370.0	34
14.10.2025 14:00	102690.0	102690.0	102420.0	102420.0	16
14.10.2025 15:00	102670.0	102750.0	101660.0	101760.0	40
14.10.2025 16:00	101640.0	101640.0	101110.0	101320.0	43
14.10.2025 17:00	101250.0	101690.0	101250.0	101690.0	3
14.10.2025 18:00	101990.0	102100.0	101870.0	102100.0	6
14.10.2025 19:00	101850.0	101890.0	101730.0	101730.0	11
14.10.2025 23:00	101990.0	102070.0	101970.0	101970.0	5
15.10.2025 09:00	102480.0	102620.0	102160.0	102290.0	18
15.10.2025 10:00	102180.0	102750.0	102040.0	102640.0	11
15.10.2025 11:00	102490.0	103020.0	102490.0	102650.0	59
15.10.2025 12:00	102400.0	102480.0	102270.0	102270.0	9
15.10.2025 13:00	102900.0	103530.0	102900.0	103030.0	14
15.10.2025 14:00	103200.0	103700.0	103200.0	103630.0	15
15.10.2025 15:00	103530.0	104010.0	103370.0	103950.0	83
15.10.2025 16:00	104000.0	104000.0	103370.0	103660.0	11
15.10.2025 20:00	102900.0	102900.0	102790.0	102790.0	2
15.10.2025 22:00	103490.0	103510.0	103490.0	103510.0	2
16.10.2025 10:00	103000.0	103000.0	101730.0	102490.0	24
16.10.2025 11:00	102860.0	103030.0	102380.0	102570.0	13
16.10.2025 12:00	102590.0	102590.0	102370.0	102370.0	11
16.10.2025 14:00	102430.0	102510.0	102010.0	102110.0	40
16.10.2025 15:00	102030.0	102100.0	101730.0	101730.0	30
16.10.2025 16:00	102220.0	102220.0	101700.0	101770.0	3
16.10.2025 17:00	101950.0	104000.0	101950.0	103820.0	172
16.10.2025 18:00	103430.0	103660.0	103160.0	103650.0	30
16.10.2025 19:00	103800.0	103800.0	103200.0	103200.0	3
16.10.2025 20:00	103900.0	108600.0	103500.0	107750.0	330
16.10.2025 21:00	107990.0	107990.0	107150.0	107560.0	31
16.10.2025 22:00	107600.0	108080.0	107600.0	107970.0	54
16.10.2025 23:00	108080.0	108720.0	108080.0	108720.0	38
17.10.2025 09:00	107930.0	107940.0	106750.0	106900.0	44
17.10.2025 10:00	106540.0	106700.0	105900.0	106700.0	46
17.10.2025 11:00	106300.0	106470.0	106000.0	106000.0	13
17.10.2025 12:00	106080.0	106450.0	105920.0	105920.0	22
17.10.2025 13:00	106010.0	106010.0	105530.0	105750.0	13
17.10.2025 14:00	106380.0	106970.0	106220.0	106290.0	65
17.10.2025 15:00	105960.0	106370.0	105940.0	106370.0	7
17.10.2025 16:00	105870.0	106300.0	105800.0	106300.0	8
17.10.2025 17:00	106330.0	106330.0	105930.0	105950.0	8
17.10.2025 18:00	106330.0	106880.0	106330.0	106560.0	53
17.10.2025 19:00	106670.0	106730.0	106620.0	106650.0	18
17.10.2025 20:00	106670.0	107950.0	106600.0	107120.0	98
17.10.2025 21:00	107190.0	107260.0	106400.0	106750.0	7
17.10.2025 23:00	106340.0	106340.0	106270.0	106320.0	26
18.10.2025 10:00	106810.0	107300.0	106810.0	107230.0	7
18.10.2025 11:00	107430.0	107440.0	107430.0	107440.0	2
19.10.2025 10:00	107260.0	107260.0	106830.0	106830.0	5
20.10.2025 09:00	106570.0	107420.0	106570.0	107270.0	16
20.10.2025 10:00	106940.0	107760.0	106470.0	107710.0	30
20.10.2025 11:00	107660.0	107660.0	107480.0	107550.0	18
20.10.2025 12:00	107750.0	107800.0	107370.0	107730.0	16
20.10.2025 14:00	107890.0	108270.0	107690.0	107720.0	42
20.10.2025 15:00	107990.0	108150.0	107980.0	108010.0	5
20.10.2025 16:00	108270.0	108270.0	108200.0	108200.0	9
20.10.2025 17:00	108000.0	108000.0	107970.0	107970.0	11
20.10.2025 18:00	108200.0	108200.0	108100.0	108160.0	5
20.10.2025 19:00	107730.0	107760.0	107650.0	107730.0	11
20.10.2025 20:00	107940.0	107940.0	107820.0	107820.0	4
20.10.2025 23:00	108100.0	108200.0	108100.0	108110.0	8
21.10.2025 08:00	107500.0	107500.0	107200.0	107200.0	2
21.10.2025 09:00	107260.0	107260.0	105360.0	105690.0	40
21.10.2025 10:00	105810.0	106550.0	105810.0	106010.0	44
21.10.2025 11:00	105900.0	105900.0	105010.0	105180.0	27
21.10.2025 12:00	105300.0	105780.0	105300.0	105460.0	9
21.10.2025 13:00	105550.0	105560.0	105130.0	105320.0	30
21.10.2025 14:00	105260.0	105790.0	105260.0	105640.0	32
21.10.2025 15:00	105700.0	105700.0	105260.0	105260.0	58
21.10.2025 16:00	105220.0	105240.0	104910.0	104910.0	18
21.10.2025 17:00	104990.0	105000.0	104050.0	104100.0	88
21.10.2025 18:00	104040.0	104040.0	101890.0	102500.0	243
21.10.2025 19:00	102950.0	103700.0	102930.0	103520.0	74
21.10.2025 20:00	103510.0	103510.0	102480.0	102590.0	32
21.10.2025 21:00	102450.0	102850.0	102450.0	102670.0	23
21.10.2025 22:00	102810.0	103290.0	102410.0	102660.0	12
21.10.2025 23:00	102640.0	104500.0	102570.0	104020.0	44
22.10.2025 09:00	103870.0	103900.0	103190.0	103460.0	14
22.10.2025 10:00	103010.0	103010.0	102310.0	102780.0	36
22.10.2025 11:00	102780.0	104010.0	102570.0	104010.0	38
22.10.2025 12:00	104030.0	104030.0	103500.0	103900.0	6
22.10.2025 13:00	103480.0	103610.0	103300.0	103310.0	24
22.10.2025 14:00	103160.0	103690.0	103060.0	103640.0	16
22.10.2025 15:00	103210.0	103630.0	102770.0	102890.0	18
22.10.2025 16:00	102930.0	104150.0	102880.0	103940.0	24
22.10.2025 17:00	103960.0	103980.0	103840.0	103980.0	3
22.10.2025 18:00	104040.0	104140.0	103950.0	104140.0	5
22.10.2025 20:00	103890.0	103890.0	103800.0	103800.0	8
22.10.2025 22:00	103290.0	103340.0	101600.0	101820.0	132
22.10.2025 23:00	101820.0	102480.0	100930.0	102200.0	134
23.10.2025 09:00	100530.0	100840.0	99900.0	100000.0	109
23.10.2025 10:00	100300.0	101620.0	100300.0	101520.0	51
23.10.2025 11:00	100730.0	100740.0	99980.0	99980.0	19
23.10.2025 12:00	99910.0	100400.0	99700.0	100210.0	11
23.10.2025 13:00	100310.0	100430.0	100180.0	100180.0	4
23.10.2025 14:00	100160.0	100670.0	100000.0	100500.0	17
23.10.2025 15:00	100250.0	100600.0	100130.0	100250.0	14
23.10.2025 17:00	100100.0	100380.0	100000.0	100380.0	5
23.10.2025 18:00	100490.0	101280.0	100460.0	100910.0	54
23.10.2025 20:00	100620.0	101100.0	100500.0	101100.0	15
23.10.2025 21:00	100890.0	100980.0	100890.0	100980.0	4
23.10.2025 22:00	101070.0	101130.0	100840.0	100900.0	47
24.10.2025 09:00	101100.0	101100.0	100450.0	100500.0	5
24.10.2025 10:00	100770.0	100880.0	100770.0	100800.0	3
24.10.2025 12:00	100830.0	100830.0	100570.0	100570.0	16
24.10.2025 13:00	100570.0	102290.0	99820.0	100690.0	187
24.10.2025 14:00	100320.0	101350.0	100150.0	100950.0	106
24.10.2025 15:00	100950.0	102000.0	100910.0	101880.0	94
24.10.2025 16:00	101510.0	102000.0	101370.0	102000.0	12
24.10.2025 17:00	102000.0	102500.0	101860.0	102490.0	16
24.10.2025 18:00	102070.0	102070.0	101920.0	101920.0	4
24.10.2025 22:00	101900.0	101930.0	101900.0	101900.0	6
27.10.2025 09:00	100860.0	101000.0	100450.0	100500.0	24
27.10.2025 10:00	100700.0	101320.0	100700.0	100920.0	16
27.10.2025 11:00	100680.0	100860.0	100490.0	100490.0	7
27.10.2025 12:00	100500.0	101100.0	100500.0	100720.0	32
27.10.2025 13:00	100640.0	100640.0	100000.0	100040.0	23
27.10.2025 14:00	100170.0	100170.0	99120.0	99400.0	70
27.10.2025 15:00	99470.0	99640.0	99400.0	99480.0	17
27.10.2025 16:00	99230.0	99230.0	98990.0	98990.0	28
27.10.2025 17:00	99200.0	100010.0	99200.0	99800.0	42
27.10.2025 18:00	99920.0	99920.0	98760.0	98780.0	16
27.10.2025 19:00	98830.0	99100.0	98820.0	99100.0	13
27.10.2025 20:00	98760.0	98780.0	98650.0	98780.0	22
27.10.2025 21:00	98680.0	98680.0	98310.0	98530.0	39
27.10.2025 22:00	98520.0	98650.0	98500.0	98600.0	46
27.10.2025 23:00	98630.0	98690.0	97850.0	98180.0	165
28.10.2025 09:00	98950.0	99550.0	98950.0	99000.0	7
28.10.2025 10:00	98770.0	99500.0	98770.0	98770.0	30
28.10.2025 11:00	99500.0	99770.0	99340.0	99740.0	12
28.10.2025 12:00	99560.0	99980.0	99560.0	99800.0	13
28.10.2025 13:00	99500.0	100000.0	99450.0	99700.0	149
28.10.2025 14:00	100000.0	100500.0	99750.0	100390.0	173
28.10.2025 15:00	100600.0	100700.0	99990.0	99990.0	15
28.10.2025 16:00	99880.0	100000.0	99750.0	100000.0	17
28.10.2025 17:00	100200.0	100200.0	99880.0	100110.0	15
28.10.2025 18:00	99940.0	100400.0	99940.0	100290.0	14
28.10.2025 19:00	99900.0	100380.0	99900.0	100350.0	5
28.10.2025 20:00	100490.0	100700.0	100480.0	100480.0	7
28.10.2025 21:00	100280.0	100280.0	100170.0	100170.0	2
28.10.2025 22:00	100520.0	100610.0	100520.0	100530.0	25
28.10.2025 23:00	100400.0	100450.0	100250.0	100250.0	7
29.10.2025 09:00	100350.0	100350.0	99740.0	99910.0	12
29.10.2025 10:00	100330.0	101340.0	100180.0	101160.0	46
29.10.2025 11:00	101270.0	101270.0	101030.0	101100.0	8
29.10.2025 12:00	100590.0	100590.0	100460.0	100500.0	3
29.10.2025 13:00	100640.0	100640.0	100240.0	100320.0	14
29.10.2025 14:00	100400.0	100400.0	100040.0	100200.0	25
29.10.2025 15:00	100150.0	100590.0	100100.0	100370.0	48
29.10.2025 16:00	100180.0	100180.0	99830.0	100000.0	23
29.10.2025 17:00	99980.0	100250.0	99960.0	100050.0	53
29.10.2025 18:00	100090.0	100410.0	100030.0	100410.0	7
29.10.2025 19:00	100460.0	100560.0	100460.0	100560.0	2
29.10.2025 20:00	100330.0	100330.0	100240.0	100240.0	8
29.10.2025 21:00	100210.0	100210.0	100050.0	100050.0	3
29.10.2025 22:00	100140.0	100200.0	100140.0	100200.0	4
29.10.2025 23:00	100270.0	100300.0	100270.0	100300.0	4
30.10.2025 09:00	100230.0	100270.0	100190.0	100190.0	5
30.10.2025 10:00	100270.0	100590.0	99610.0	99810.0	61
30.10.2025 11:00	99880.0	99950.0	99780.0	99910.0	15
30.10.2025 12:00	100100.0	100280.0	99990.0	99990.0	33
30.10.2025 13:00	100080.0	100150.0	99910.0	99910.0	30
30.10.2025 14:00	100150.0	100620.0	100000.0	100580.0	49
30.10.2025 15:00	100700.0	100850.0	100450.0	100740.0	33
30.10.2025 16:00	100720.0	101430.0	100720.0	101430.0	38
30.10.2025 17:00	101440.0	101440.0	101180.0	101230.0	27
30.10.2025 18:00	101000.0	101000.0	100870.0	100870.0	10
30.10.2025 19:00	101020.0	101190.0	101010.0	101080.0	15
30.10.2025 20:00	100940.0	100960.0	100890.0	100960.0	10
30.10.2025 22:00	100930.0	100930.0	100820.0	100890.0	11
31.10.2025 09:00	101070.0	101070.0	100450.0	100720.0	12
31.10.2025 10:00	100440.0	100680.0	99910.0	100030.0	138
31.10.2025 11:00	100230.0	100490.0	99980.0	100030.0	16
31.10.2025 12:00	100040.0	100150.0	99800.0	99990.0	28
31.10.2025 13:00	100050.0	100050.0	99730.0	99730.0	25
31.10.2025 14:00	99600.0	99610.0	99200.0	99200.0	11
31.10.2025 15:00	99530.0	100100.0	99420.0	100100.0	101
31.10.2025 16:00	100100.0	100230.0	99580.0	99640.0	34
31.10.2025 17:00	99840.0	100260.0	99840.0	100090.0	39
31.10.2025 18:00	100030.0	100110.0	99750.0	99750.0	60
31.10.2025 19:00	99690.0	99690.0	99580.0	99580.0	6
31.10.2025 20:00	99420.0	99420.0	98890.0	99180.0	14
31.10.2025 21:00	99310.0	99430.0	99300.0	99430.0	13
01.11.2025 09:00	99850.0	100000.0	99850.0	99900.0	66
01.11.2025 10:00	100140.0	100410.0	100140.0	100410.0	134
01.11.2025 11:00	100530.0	100580.0	100470.0	100470.0	14
01.11.2025 12:00	100420.0	100550.0	100230.0	100230.0	37
01.11.2025 13:00	100250.0	100280.0	100010.0	100280.0	44
01.11.2025 14:00	100000.0	100000.0	99670.0	99680.0	27
01.11.2025 15:00	99610.0	99700.0	99590.0	99700.0	7
01.11.2025 16:00	99840.0	99850.0	99710.0	99790.0	23
01.11.2025 17:00	99790.0	99840.0	99790.0	99840.0	2
01.11.2025 19:00	99760.0	99760.0	99700.0	99700.0	20
01.11.2025 23:00	99830.0	99830.0	99820.0	99820.0	4
03.11.2025 09:00	100430.0	101200.0	100390.0	101150.0	46
03.11.2025 10:00	101040.0	102050.0	101040.0	101820.0	49
03.11.2025 11:00	101910.0	101910.0	101530.0	101540.0	101
03.11.2025 12:00	101560.0	101600.0	101380.0	101380.0	21
03.11.2025 13:00	101560.0	101880.0	101560.0	101880.0	7
03.11.2025 14:00	101950.0	102150.0	101950.0	102150.0	64
03.11.2025 15:00	102160.0	102160.0	102120.0	102120.0	3
03.11.2025 16:00	102250.0	102250.0	102160.0	102200.0	11
03.11.2025 17:00	102170.0	102550.0	102170.0	102550.0	54
03.11.2025 18:00	102550.0	102550.0	101990.0	102510.0	24
03.11.2025 19:00	102320.0	102380.0	102320.0	102380.0	2
03.11.2025 20:00	102480.0	102480.0	102420.0	102420.0	4
03.11.2025 23:00	102100.0	102110.0	102100.0	102110.0	6
05.11.2025 09:00	101710.0	101710.0	101070.0	101080.0	21
05.11.2025 10:00	101080.0	101080.0	100200.0	100340.0	41
05.11.2025 11:00	100070.0	100510.0	100070.0	100470.0	46
05.11.2025 12:00	100700.0	100700.0	100290.0	100530.0	11
05.11.2025 13:00	100420.0	100550.0	100080.0	100530.0	152
05.11.2025 14:00	100530.0	100800.0	100410.0	100490.0	108
05.11.2025 15:00	100490.0	100490.0	100310.0	100410.0	108
05.11.2025 16:00	100710.0	100710.0	99780.0	99780.0	116
05.11.2025 17:00	99780.0	99800.0	99100.0	99390.0	153
05.11.2025 18:00	99290.0	99690.0	99100.0	99350.0	84
05.11.2025 19:00	99500.0	99600.0	99000.0	99600.0	21
05.11.2025 20:00	99380.0	99390.0	99380.0	99380.0	6
05.11.2025 21:00	99360.0	99460.0	99360.0	99460.0	3
06.11.2025 09:00	99850.0	99850.0	99630.0	99630.0	5
06.11.2025 10:00	99700.0	99870.0	99350.0	99350.0	57
06.11.2025 11:00	99440.0	99670.0	99300.0	99670.0	61
06.11.2025 12:00	99740.0	99760.0	99570.0	99730.0	9
06.11.2025 13:00	99790.0	99940.0	99640.0	99640.0	19
06.11.2025 14:00	99600.0	99600.0	99490.0	99490.0	4
06.11.2025 15:00	99740.0	99850.0	99590.0	99630.0	37
06.11.2025 17:00	99460.0	99990.0	99450.0	99830.0	25
06.11.2025 20:00	99740.0	99740.0	99650.0	99650.0	7
06.11.2025 21:00	99960.0	99960.0	99770.0	99780.0	42
06.11.2025 22:00	99810.0	99840.0	99810.0	99840.0	16
06.11.2025 23:00	99790.0	99840.0	99720.0	99720.0	16
07.11.2025 09:00	99250.0	99560.0	99070.0	99560.0	22
07.11.2025 10:00	99290.0	100390.0	99290.0	100360.0	181
07.11.2025 11:00	100490.0	100590.0	100240.0	100590.0	40
07.11.2025 12:00	100600.0	100730.0	100550.0	100730.0	13
07.11.2025 13:00	100600.0	100730.0	100540.0	100540.0	19
07.11.2025 14:00	100480.0	100480.0	100410.0	100410.0	2
07.11.2025 16:00	100520.0	101100.0	100520.0	101030.0	55
07.11.2025 17:00	101090.0	101330.0	101020.0	101330.0	34
07.11.2025 19:00	101030.0	101190.0	101000.0	101050.0	58
07.11.2025 20:00	101000.0	101530.0	101000.0	101420.0	18
07.11.2025 21:00	100770.0	100770.0	100490.0	100620.0	12
10.11.2025 09:00	101500.0	101850.0	101420.0	101650.0	51
10.11.2025 10:00	101650.0	101930.0	101430.0	101610.0	28
10.11.2025 11:00	101630.0	101860.0	101510.0	101520.0	77
10.11.2025 12:00	101510.0	101650.0	101180.0	101180.0	30
10.11.2025 13:00	101170.0	101170.0	101030.0	101100.0	20
10.11.2025 14:00	100970.0	101200.0	100930.0	101150.0	25
10.11.2025 15:00	101010.0	101010.0	100310.0	100320.0	106
10.11.2025 16:00	100330.0	100330.0	100090.0	100090.0	72
10.11.2025 17:00	100210.0	100210.0	100070.0	100150.0	32
10.11.2025 18:00	100050.0	100290.0	100050.0	100290.0	3
10.11.2025 19:00	100090.0	100250.0	100090.0	100250.0	6
10.11.2025 20:00	100270.0	100530.0	100270.0	100490.0	6
10.11.2025 21:00	100430.0	100430.0	100260.0	100260.0	4
11.11.2025 10:00	100050.0	100060.0	99350.0	100010.0	69
11.11.2025 11:00	99910.0	99910.0	99680.0	99800.0	10
11.11.2025 12:00	99800.0	100130.0	99800.0	100130.0	6
11.11.2025 13:00	100150.0	100150.0	100130.0	100130.0	2
11.11.2025 14:00	100200.0	100730.0	100200.0	100710.0	12
11.11.2025 15:00	100710.0	100710.0	100480.0	100710.0	78
11.11.2025 16:00	100710.0	101060.0	100710.0	100970.0	88
11.11.2025 17:00	101090.0	101410.0	101050.0	101050.0	49
11.11.2025 18:00	100990.0	100990.0	100620.0	100780.0	36
11.11.2025 19:00	100900.0	100910.0	100900.0	100910.0	20
11.11.2025 20:00	101020.0	101110.0	101020.0	101110.0	9
11.11.2025 21:00	101250.0	101250.0	101120.0	101120.0	3
11.11.2025 23:00	101000.0	101000.0	100900.0	100900.0	6
12.11.2025 09:00	101030.0	101030.0	100980.0	101030.0	12
12.11.2025 10:00	100900.0	100910.0	100130.0	100270.0	64
12.11.2025 11:00	100230.0	100230.0	99930.0	99970.0	79
12.11.2025 12:00	100090.0	100250.0	100090.0	100090.0	35
12.11.2025 13:00	99940.0	99940.0	99420.0	99450.0	86
12.11.2025 14:00	99450.0	99650.0	99410.0	99650.0	33
12.11.2025 15:00	99640.0	99850.0	99400.0	99850.0	60
12.11.2025 16:00	99640.0	99640.0	99550.0	99580.0	3
12.11.2025 17:00	99600.0	99600.0	99450.0	99450.0	7
12.11.2025 18:00	99750.0	99750.0	99230.0	99230.0	11
12.11.2025 19:00	99420.0	99420.0	99050.0	99420.0	22
12.11.2025 20:00	99510.0	99540.0	99330.0	99410.0	26
12.11.2025 21:00	99450.0	99670.0	99450.0	99670.0	31
12.11.2025 22:00	99650.0	99720.0	99650.0	99660.0	11
12.11.2025 23:00	99640.0	99710.0	99520.0	99700.0	19
13.11.2025 09:00	99870.0	100510.0	99870.0	100180.0	32
13.11.2025 10:00	100140.0	100290.0	99850.0	100020.0	34
13.11.2025 11:00	100310.0	100750.0	100180.0	100680.0	42
13.11.2025 12:00	100770.0	100930.0	100390.0	100520.0	40
13.11.2025 13:00	100560.0	100560.0	100530.0	100530.0	2
13.11.2025 14:00	100570.0	100620.0	100570.0	100610.0	11
13.11.2025 15:00	100340.0	100500.0	100290.0	100440.0	13
13.11.2025 16:00	100500.0	100500.0	100030.0	100030.0	11
13.11.2025 17:00	100010.0	100030.0	100000.0	100030.0	17
13.11.2025 18:00	100030.0	100060.0	100030.0	100060.0	11
13.11.2025 21:00	100800.0	100850.0	100390.0	100390.0	28
13.11.2025 23:00	100200.0	100210.0	100080.0	100080.0	6
14.11.2025 08:00	100720.0	100720.0	100000.0	100000.0	2
14.11.2025 09:00	99900.0	99900.0	99100.0	99560.0	99
14.11.2025 10:00	99580.0	99600.0	98910.0	98990.0	150
14.11.2025 11:00	98900.0	98920.0	98500.0	98830.0	106
14.11.2025 12:00	98810.0	99240.0	98690.0	99240.0	35
14.11.2025 13:00	99140.0	99370.0	99140.0	99240.0	18
14.11.2025 14:00	99050.0	99210.0	98830.0	98830.0	28
14.11.2025 15:00	99040.0	99330.0	98960.0	99200.0	58
14.11.2025 16:00	99050.0	99050.0	98780.0	98830.0	18
14.11.2025 17:00	98690.0	98960.0	98680.0	98680.0	49
14.11.2025 19:00	99130.0	99130.0	99090.0	99090.0	2
14.11.2025 22:00	99040.0	99390.0	99040.0	99390.0	7
15.11.2025 10:00	99250.0	99580.0	99250.0	99580.0	7
16.11.2025 10:00	98850.0	98850.0	98800.0	98800.0	16
17.11.2025 09:00	98510.0	98510.0	97900.0	98080.0	158
17.11.2025 10:00	98180.0	98400.0	97940.0	98000.0	130
17.11.2025 11:00	97960.0	98230.0	97940.0	98170.0	56
17.11.2025 12:00	98270.0	98480.0	98270.0	98390.0	17
17.11.2025 13:00	98580.0	98580.0	98330.0	98370.0	5
17.11.2025 14:00	98330.0	98460.0	98180.0	98460.0	26
17.11.2025 15:00	98540.0	98540.0	98330.0	98330.0	49
17.11.2025 16:00	98320.0	98540.0	98150.0	98540.0	29
17.11.2025 17:00	98700.0	98800.0	98610.0	98780.0	31
17.11.2025 18:00	98850.0	98850.0	98700.0	98700.0	2
17.11.2025 23:00	98050.0	98150.0	98050.0	98060.0	3
18.11.2025 09:00	97850.0	98390.0	97800.0	98170.0	57
18.11.2025 10:00	98100.0	99960.0	97820.0	99450.0	342
18.11.2025 11:00	99090.0	100560.0	98920.0	100200.0	305
18.11.2025 12:00	100320.0	100510.0	100040.0	100110.0	56
18.11.2025 13:00	99980.0	100000.0	99810.0	99810.0	4
18.11.2025 14:00	100110.0	100400.0	100100.0	100190.0	8
18.11.2025 15:00	100310.0	100310.0	99980.0	99980.0	16
18.11.2025 16:00	100090.0	100230.0	100070.0	100210.0	33
18.11.2025 17:00	100350.0	100600.0	100010.0	100010.0	62
18.11.2025 18:00	100060.0	100250.0	100030.0	100250.0	4
18.11.2025 20:00	100250.0	100390.0	100250.0	100390.0	2
18.11.2025 22:00	100490.0	100570.0	100460.0	100460.0	7
18.11.2025 23:00	100430.0	100440.0	99800.0	99850.0	54
19.11.2025 09:00	100700.0	100870.0	100420.0	100620.0	112
19.11.2025 10:00	100690.0	101170.0	100490.0	101080.0	60
19.11.2025 11:00	101200.0	101370.0	100380.0	100750.0	56
19.11.2025 12:00	100550.0	100630.0	100430.0	100630.0	7
19.11.2025 13:00	100580.0	100830.0	100580.0	100830.0	12
19.11.2025 14:00	101090.0	102690.0	101060.0	102690.0	295
19.11.2025 15:00	102690.0	103180.0	102490.0	103180.0	197
19.11.2025 16:00	103230.0	105030.0	103230.0	104470.0	415
19.11.2025 17:00	104520.0	104520.0	103750.0	103930.0	77
19.11.2025 18:00	103940.0	104270.0	103700.0	104120.0	30
19.11.2025 19:00	103890.0	104550.0	103600.0	104310.0	96
19.11.2025 20:00	104540.0	104540.0	104000.0	104080.0	118
19.11.2025 21:00	104400.0	104540.0	103360.0	103840.0	104
19.11.2025 22:00	103500.0	103590.0	102950.0	103120.0	52
19.11.2025 23:00	103130.0	103170.0	103070.0	103070.0	12
20.11.2025 09:00	103500.0	103530.0	103180.0	103180.0	25
20.11.2025 10:00	103100.0	103130.0	102500.0	102890.0	147
20.11.2025 11:00	103240.0	103480.0	102940.0	103480.0	24
20.11.2025 12:00	103420.0	104700.0	103410.0	104250.0	105
20.11.2025 13:00	104370.0	104450.0	104050.0	104450.0	33
20.11.2025 14:00	103960.0	103960.0	103460.0	103460.0	12
20.11.2025 15:00	103270.0	103620.0	103120.0	103500.0	54
20.11.2025 16:00	104010.0	104200.0	103770.0	103770.0	45
20.11.2025 17:00	103980.0	104240.0	103730.0	104000.0	78
20.11.2025 18:00	103900.0	104060.0	103730.0	104000.0	15
20.11.2025 19:00	104280.0	104480.0	104040.0	104040.0	145
20.11.2025 20:00	104140.0	107600.0	103960.0	107490.0	226
20.11.2025 21:00	107070.0	107480.0	105440.0	106080.0	248
20.11.2025 22:00	106210.0	106770.0	105910.0	106770.0	47
20.11.2025 23:00	106880.0	107210.0	106870.0	107210.0	18
21.11.2025 09:00	106500.0	106670.0	106320.0	106550.0	24
21.11.2025 10:00	106870.0	107610.0	106780.0	107540.0	110
21.11.2025 11:00	107410.0	107980.0	107240.0	107340.0	274
21.11.2025 12:00	107200.0	107390.0	107020.0	107380.0	47
21.11.2025 13:00	107170.0	107220.0	106760.0	106820.0	88
21.11.2025 14:00	107000.0	107100.0	106650.0	106720.0	69
21.11.2025 15:00	107070.0	107510.0	106400.0	107100.0	43
21.11.2025 16:00	107030.0	107030.0	105980.0	105980.0	88
21.11.2025 17:00	106110.0	107940.0	106110.0	107320.0	135
21.11.2025 18:00	107220.0	107650.0	107100.0	107150.0	28
21.11.2025 19:00	107200.0	107500.0	107000.0	107390.0	10
21.11.2025 20:00	107450.0	108590.0	107440.0	107940.0	114
21.11.2025 21:00	107800.0	107940.0	107760.0	107940.0	10
21.11.2025 22:00	107740.0	107950.0	107730.0	107950.0	16
21.11.2025 23:00	107720.0	107800.0	107580.0	107800.0	17
24.11.2025 09:00	108660.0	108660.0	108080.0	108250.0	63
24.11.2025 10:00	108160.0	109070.0	107790.0	107950.0	89
24.11.2025 11:00	107910.0	108100.0	106850.0	106850.0	101
24.11.2025 12:00	106950.0	107340.0	106800.0	106800.0	88
24.11.2025 13:00	106810.0	107730.0	106580.0	107730.0	104
24.11.2025 14:00	107470.0	107620.0	107100.0	107500.0	55
24.11.2025 15:00	107380.0	107380.0	106990.0	106990.0	47
24.11.2025 16:00	107320.0	107880.0	107230.0	107650.0	122
24.11.2025 17:00	107580.0	107630.0	106650.0	107020.0	130
24.11.2025 18:00	107000.0	107090.0	106940.0	106960.0	75
24.11.2025 19:00	106920.0	107060.0	106760.0	107060.0	57
24.11.2025 20:00	106990.0	107030.0	106990.0	107030.0	3
24.11.2025 21:00	106970.0	107050.0	106960.0	107020.0	10
24.11.2025 22:00	106840.0	106880.0	106740.0	106740.0	19
24.11.2025 23:00	106700.0	107700.0	106670.0	107290.0	44
25.11.2025 09:00	107540.0	107880.0	107170.0	107600.0	53
25.11.2025 10:00	107750.0	107800.0	107010.0	107090.0	125
25.11.2025 11:00	107090.0	107250.0	106380.0	106440.0	115
25.11.2025 12:00	106350.0	106560.0	105960.0	106520.0	68
25.11.2025 13:00	106220.0	106330.0	105730.0	105750.0	168
25.11.2025 14:00	105700.0	106340.0	105600.0	105970.0	25
25.11.2025 15:00	106040.0	108140.0	105740.0	107000.0	229
25.11.2025 16:00	106720.0	107590.0	106720.0	107350.0	100
25.11.2025 17:00	107660.0	108160.0	107420.0	108150.0	171
25.11.2025 18:00	107920.0	108180.0	107920.0	108000.0	12
25.11.2025 19:00	108100.0	108700.0	108100.0	108540.0	35
25.11.2025 20:00	108660.0	108660.0	107970.0	108200.0	68
25.11.2025 21:00	108340.0	108350.0	107730.0	107860.0	45
25.11.2025 22:00	107840.0	108390.0	107780.0	108140.0	122
25.11.2025 23:00	108090.0	108130.0	107710.0	107710.0	10
26.11.2025 09:00	107640.0	107900.0	107450.0	107900.0	21
26.11.2025 10:00	107810.0	107950.0	107360.0	107750.0	52
26.11.2025 11:00	107750.0	107810.0	107090.0	107090.0	104
26.11.2025 12:00	107400.0	107690.0	107380.0	107380.0	129
26.11.2025 13:00	107310.0	107740.0	107300.0	107740.0	31
26.11.2025 14:00	107650.0	107900.0	107320.0	107320.0	17
26.11.2025 15:00	107200.0	107710.0	107200.0	107510.0	15
26.11.2025 16:00	107350.0	107440.0	107340.0	107340.0	15
26.11.2025 17:00	107510.0	107510.0	107230.0	107330.0	53
26.11.2025 18:00	107520.0	107530.0	107490.0	107490.0	17
26.11.2025 19:00	107640.0	107670.0	107520.0	107670.0	11
26.11.2025 20:00	107580.0	107620.0	107580.0	107600.0	8
26.11.2025 22:00	107580.0	107580.0	107560.0	107560.0	3
26.11.2025 23:00	107440.0	107490.0	107280.0	107470.0	6
27.11.2025 09:00	107740.0	108080.0	107550.0	107760.0	47
27.11.2025 10:00	107860.0	108160.0	107100.0	107390.0	51
27.11.2025 11:00	107500.0	107770.0	107300.0	107760.0	18
27.11.2025 12:00	107700.0	108020.0	107410.0	107910.0	15
27.11.2025 13:00	107860.0	107860.0	107600.0	107600.0	8
27.11.2025 14:00	107400.0	107440.0	107310.0	107380.0	35
27.11.2025 15:00	107330.0	107330.0	106800.0	106870.0	62
27.11.2025 16:00	106850.0	107360.0	106710.0	107020.0	54
27.11.2025 17:00	106940.0	106940.0	105310.0	105730.0	183
27.11.2025 18:00	105570.0	106220.0	105560.0	106110.0	58
27.11.2025 19:00	105500.0	106110.0	105500.0	106100.0	46
27.11.2025 20:00	106090.0	106090.0	106050.0	106050.0	3
27.11.2025 21:00	105990.0	105990.0	105980.0	105990.0	9
27.11.2025 22:00	106150.0	106150.0	106000.0	106000.0	4
27.11.2025 23:00	106030.0	106190.0	106030.0	106190.0	2
28.11.2025 09:00	106000.0	106290.0	105750.0	106180.0	98
28.11.2025 10:00	105780.0	106340.0	105780.0	106340.0	31
28.11.2025 11:00	106180.0	106500.0	106180.0	106420.0	9
28.11.2025 12:00	106520.0	106810.0	106520.0	106730.0	36
28.11.2025 13:00	106730.0	106730.0	106630.0	106700.0	19
28.11.2025 14:00	106510.0	106530.0	106310.0	106320.0	18
28.11.2025 15:00	106340.0	106340.0	106130.0	106200.0	19
28.11.2025 16:00	106810.0	107610.0	106530.0	107240.0	71
28.11.2025 17:00	107420.0	108550.0	107420.0	108430.0	184
28.11.2025 18:00	108580.0	109690.0	108580.0	109150.0	278
28.11.2025 19:00	109360.0	109410.0	108900.0	109090.0	105
28.11.2025 20:00	109220.0	109260.0	109190.0	109220.0	18
28.11.2025 21:00	109260.0	109490.0	109260.0	109360.0	60
28.11.2025 22:00	109320.0	109500.0	109200.0	109500.0	23
28.11.2025 23:00	109410.0	109540.0	109360.0	109360.0	82
29.11.2025 11:00	109260.0	109290.0	109260.0	109290.0	2
29.11.2025 12:00	109290.0	109300.0	109290.0	109300.0	2
29.11.2025 16:00	109170.0	109250.0	109130.0	109250.0	12
29.11.2025 17:00	109290.0	109600.0	109280.0	109290.0	9
30.11.2025 10:00	109390.0	109460.0	109390.0	109460.0	6
30.11.2025 11:00	109490.0	109590.0	109490.0	109590.0	2
30.11.2025 12:00	109510.0	109510.0	109500.0	109510.0	12
30.11.2025 13:00	109640.0	109670.0	109640.0	109670.0	3
30.11.2025 15:00	109740.0	109990.0	109740.0	109990.0	3
30.11.2025 17:00	110000.0	110320.0	110000.0	110290.0	27
30.11.2025 18:00	110250.0	110310.0	110170.0	110180.0	36
01.12.2025 09:00	109740.0	109740.0	108900.0	109000.0	91
01.12.2025 10:00	108740.0	109070.0	108400.0	108730.0	87
01.12.2025 11:00	108880.0	109470.0	108760.0	109360.0	51
01.12.2025 12:00	109420.0	109870.0	109220.0	109340.0	89
01.12.2025 13:00	109480.0	109710.0	109320.0	109580.0	44
01.12.2025 14:00	109430.0	109570.0	109090.0	109250.0	54
01.12.2025 15:00	109450.0	109600.0	109320.0	109520.0	17
01.12.2025 16:00	109470.0	109970.0	109380.0	109950.0	53
01.12.2025 17:00	109980.0	110150.0	109730.0	109760.0	58
01.12.2025 18:00	109840.0	109890.0	109530.0	109530.0	43
01.12.2025 19:00	109550.0	109860.0	109500.0	109580.0	31
01.12.2025 20:00	109550.0	109630.0	109490.0	109490.0	5
01.12.2025 21:00	109720.0	110070.0	109710.0	110030.0	51
01.12.2025 22:00	110050.0	110050.0	109430.0	109430.0	18
01.12.2025 23:00	109370.0	110000.0	109210.0	109570.0	63
02.12.2025 09:00	109700.0	109810.0	109600.0	109680.0	16
02.12.2025 10:00	109580.0	109860.0	109280.0	109280.0	78
02.12.2025 11:00	109320.0	109490.0	109000.0	109380.0	96
02.12.2025 12:00	109350.0	109500.0	109350.0	109420.0	59
02.12.2025 13:00	109510.0	109510.0	109170.0	109430.0	102
02.12.2025 14:00	109470.0	110090.0	109470.0	109950.0	88
02.12.2025 15:00	109930.0	110150.0	109720.0	110150.0	77
02.12.2025 16:00	110350.0	110390.0	109940.0	110070.0	76
02.12.2025 17:00	110050.0	110190.0	109550.0	109720.0	52
02.12.2025 18:00	109640.0	109640.0	107700.0	108700.0	346
02.12.2025 19:00	108630.0	108680.0	108460.0	108580.0	108
02.12.2025 20:00	108740.0	108740.0	108530.0	108600.0	47
02.12.2025 21:00	108520.0	109500.0	108520.0	109330.0	153
02.12.2025 22:00	109350.0	109350.0	108970.0	109110.0	84
02.12.2025 23:00	109330.0	109350.0	109160.0	109280.0	73
03.12.2025 08:00	108760.0	108760.0	108000.0	108000.0	98
03.12.2025 09:00	108040.0	108510.0	107070.0	107070.0	203
03.12.2025 10:00	107120.0	107200.0	106810.0	106920.0	205
03.12.2025 11:00	106830.0	107130.0	106500.0	106990.0	271
03.12.2025 12:00	107110.0	107720.0	107110.0	107630.0	241
03.12.2025 13:00	107620.0	107760.0	107350.0	107500.0	68
03.12.2025 14:00	107480.0	107640.0	107240.0	107490.0	67
03.12.2025 15:00	107390.0	107710.0	107390.0	107620.0	90
03.12.2025 16:00	107620.0	107640.0	107360.0	107420.0	35
03.12.2025 17:00	107620.0	108260.0	107620.0	108110.0	166
03.12.2025 18:00	108260.0	109070.0	108250.0	108960.0	160
03.12.2025 19:00	108840.0	109510.0	108840.0	109350.0	100
03.12.2025 20:00	109240.0	109580.0	109030.0	109030.0	85
03.12.2025 21:00	109060.0	109270.0	109060.0	109270.0	11
03.12.2025 22:00	109320.0	109370.0	109190.0	109200.0	19
03.12.2025 23:00	109100.0	109210.0	109000.0	109210.0	32
04.12.2025 09:00	109590.0	109920.0	109410.0	109910.0	442
04.12.2025 10:00	109910.0	110440.0	109330.0	109510.0	581
04.12.2025 11:00	109550.0	109740.0	109200.0	109580.0	174
04.12.2025 12:00	109600.0	109710.0	109500.0	109550.0	211
04.12.2025 13:00	109600.0	109790.0	109410.0	109580.0	126
04.12.2025 14:00	109580.0	109640.0	109540.0	109580.0	5
04.12.2025 15:00	109360.0	109700.0	109310.0	109660.0	41
04.12.2025 16:00	109670.0	110350.0	109670.0	110330.0	83
04.12.2025 17:00	110360.0	110900.0	110150.0	110270.0	194
04.12.2025 18:00	110300.0	110480.0	110190.0	110480.0	54
04.12.2025 19:00	110380.0	110810.0	110380.0	110810.0	68
04.12.2025 20:00	110830.0	111000.0	110700.0	110740.0	122
04.12.2025 21:00	110730.0	111270.0	110730.0	111130.0	67
04.12.2025 22:00	111060.0	111210.0	111010.0	111030.0	32
04.12.2025 23:00	110950.0	111010.0	110800.0	111010.0	59
05.12.2025 09:00	111130.0	111810.0	110970.0	111710.0	184
05.12.2025 10:00	111670.0	111790.0	110880.0	111420.0	279
05.12.2025 11:00	111370.0	112000.0	111300.0	111900.0	211
05.12.2025 12:00	112000.0	112820.0	111950.0	112560.0	477
05.12.2025 13:00	112560.0	112560.0	111440.0	111550.0	274
05.12.2025 14:00	111580.0	111850.0	111300.0	111540.0	253
05.12.2025 15:00	111540.0	111960.0	111530.0	111620.0	167
05.12.2025 16:00	111670.0	111850.0	111500.0	111600.0	175
05.12.2025 17:00	111730.0	112330.0	111630.0	112040.0	262
05.12.2025 18:00	112030.0	112160.0	111840.0	112020.0	151
05.12.2025 19:00	112000.0	112100.0	111800.0	112000.0	124
05.12.2025 20:00	112000.0	112000.0	111760.0	111760.0	65
05.12.2025 21:00	111800.0	111870.0	111750.0	111870.0	35
05.12.2025 22:00	111990.0	112000.0	111860.0	111950.0	48
05.12.2025 23:00	111910.0	111940.0	111590.0	111640.0	41
08.12.2025 08:00	112000.0	112260.0	112000.0	112260.0	2
08.12.2025 09:00	112490.0	112490.0	111390.0	111620.0	133
08.12.2025 10:00	111710.0	112700.0	111710.0	112430.0	249
08.12.2025 11:00	112410.0	112670.0	112090.0	112250.0	150
08.12.2025 12:00	112030.0	112630.0	112030.0	112620.0	143
08.12.2025 13:00	112460.0	112700.0	112190.0	112350.0	202
08.12.2025 14:00	112400.0	112700.0	112170.0	112170.0	152
08.12.2025 15:00	112170.0	112200.0	111600.0	112080.0	345
08.12.2025 16:00	112070.0	112490.0	112070.0	112350.0	52
08.12.2025 17:00	112500.0	112540.0	111750.0	111790.0	170
08.12.2025 18:00	111600.0	112200.0	111370.0	111850.0	62
08.12.2025 19:00	111870.0	111970.0	111800.0	111970.0	13
08.12.2025 20:00	111970.0	112060.0	111450.0	111600.0	49
08.12.2025 21:00	111620.0	111620.0	110680.0	111060.0	100
08.12.2025 22:00	111000.0	111330.0	110900.0	111040.0	51
08.12.2025 23:00	111040.0	111100.0	110110.0	110770.0	451
09.12.2025 09:00	110700.0	111110.0	110450.0	111050.0	161
09.12.2025 10:00	110980.0	111300.0	110830.0	111250.0	275
09.12.2025 11:00	111280.0	111660.0	111280.0	111370.0	142
09.12.2025 12:00	111530.0	111570.0	111120.0	111120.0	52
09.12.2025 13:00	111150.0	111370.0	111040.0	111180.0	34
09.12.2025 14:00	111360.0	111960.0	111350.0	111350.0	137
09.12.2025 15:00	111350.0	111600.0	111190.0	111540.0	130
09.12.2025 16:00	111500.0	111900.0	111380.0	111690.0	119
09.12.2025 17:00	111600.0	111600.0	110320.0	110330.0	284
09.12.2025 18:00	110300.0	110410.0	110010.0	110230.0	503
09.12.2025 19:00	110030.0	110460.0	110030.0	110460.0	315
09.12.2025 20:00	110420.0	110450.0	110200.0	110340.0	78
09.12.2025 21:00	110360.0	110840.0	110340.0	110840.0	167
09.12.2025 22:00	110840.0	111910.0	110840.0	111570.0	424
09.12.2025 23:00	111530.0	111530.0	111220.0	111300.0	29
10.12.2025 09:00	111230.0	111230.0	110650.0	110900.0	122
10.12.2025 10:00	110800.0	111410.0	110800.0	111110.0	194
10.12.2025 11:00	111060.0	111580.0	110970.0	111460.0	46
10.12.2025 12:00	111330.0	111650.0	111190.0	111420.0	60
10.12.2025 13:00	111390.0	111390.0	110780.0	110850.0	285
10.12.2025 14:00	110860.0	110900.0	110460.0	110510.0	198
10.12.2025 15:00	110480.0	110790.0	110280.0	110320.0	259
10.12.2025 16:00	110380.0	110380.0	109900.0	110210.0	350
10.12.2025 17:00	110390.0	110600.0	109500.0	109650.0	318
10.12.2025 18:00	109600.0	109610.0	108980.0	109220.0	565
10.12.2025 19:00	109310.0	109420.0	109270.0	109420.0	156
10.12.2025 20:00	109410.0	109440.0	109270.0	109310.0	155
10.12.2025 21:00	109290.0	109650.0	109220.0	109540.0	184
10.12.2025 22:00	109500.0	109590.0	109380.0	109440.0	30
10.12.2025 23:00	109400.0	109510.0	109330.0	109400.0	61
11.12.2025 09:00	109700.0	109890.0	109550.0	109850.0	119
11.12.2025 10:00	109780.0	110910.0	109780.0	110040.0	867
11.12.2025 11:00	110040.0	110130.0	109520.0	109900.0	900
11.12.2025 12:00	109930.0	110210.0	109550.0	109770.0	359
11.12.2025 13:00	109780.0	109800.0	109390.0	109770.0	339
11.12.2025 14:00	109630.0	109900.0	109420.0	109580.0	208
11.12.2025 15:00	109570.0	110060.0	109570.0	110020.0	272
11.12.2025 16:00	110040.0	110210.0	109660.0	109950.0	235
11.12.2025 17:00	110020.0	110170.0	109390.0	109390.0	358
11.12.2025 18:00	109400.0	109600.0	108840.0	109600.0	493
11.12.2025 19:00	109640.0	111080.0	109640.0	110570.0	510
11.12.2025 20:00	110570.0	110680.0	110370.0	110390.0	227
11.12.2025 21:00	110360.0	110370.0	109850.0	110170.0	387
11.12.2025 22:00	110170.0	110220.0	109950.0	110220.0	360
11.12.2025 23:00	110270.0	110280.0	110010.0	110200.0	36
12.12.2025 09:00	110210.0	110410.0	110170.0	110410.0	165
12.12.2025 10:00	110470.0	110480.0	109450.0	109460.0	585
12.12.2025 11:00	109460.0	109870.0	109180.0	109350.0	258
12.12.2025 12:00	109250.0	109590.0	109240.0	109320.0	102
12.12.2025 13:00	109500.0	109850.0	109400.0	109400.0	79
12.12.2025 14:00	109400.0	109910.0	109310.0	109470.0	93
12.12.2025 15:00	109460.0	109510.0	109380.0	109420.0	32
12.12.2025 16:00	109300.0	109350.0	108840.0	109040.0	362
12.12.2025 17:00	108980.0	109730.0	108830.0	109560.0	311
12.12.2025 18:00	109580.0	109930.0	108930.0	109160.0	379
12.12.2025 19:00	109190.0	109190.0	108570.0	108790.0	276
12.12.2025 20:00	108770.0	109150.0	108700.0	108790.0	280
12.12.2025 21:00	108760.0	108800.0	108150.0	108200.0	466
12.12.2025 22:00	108170.0	108270.0	108140.0	108250.0	171
12.12.2025 23:00	108230.0	108360.0	108170.0	108240.0	126
13.12.2025 10:00	108370.0	108600.0	108360.0	108550.0	47
13.12.2025 11:00	108590.0	108600.0	108590.0	108600.0	5
13.12.2025 13:00	108520.0	108550.0	108470.0	108550.0	36
13.12.2025 15:00	108540.0	108560.0	108540.0	108560.0	9
13.12.2025 16:00	108600.0	108600.0	108590.0	108590.0	15
13.12.2025 17:00	108600.0	108600.0	108560.0	108560.0	15
13.12.2025 18:00	108580.0	108690.0	108550.0	108550.0	25
14.12.2025 10:00	108750.0	108770.0	108510.0	108510.0	11
14.12.2025 11:00	108510.0	108530.0	108250.0	108390.0	18
14.12.2025 12:00	108280.0	108370.0	108170.0	108170.0	32
14.12.2025 13:00	108140.0	108200.0	108110.0	108180.0	32
14.12.2025 14:00	108330.0	108450.0	108180.0	108450.0	41
14.12.2025 15:00	108450.0	108500.0	108310.0	108310.0	59
14.12.2025 16:00	108320.0	108320.0	108160.0	108160.0	16
14.12.2025 17:00	108240.0	108300.0	108190.0	108190.0	11
14.12.2025 18:00	108270.0	108440.0	108220.0	108440.0	28
15.12.2025 08:00	108450.0	108520.0	108450.0	108520.0	13
15.12.2025 09:00	108820.0	109650.0	108640.0	109170.0	1138
15.12.2025 10:00	109200.0	109360.0	108850.0	109050.0	533
15.12.2025 11:00	109050.0	109350.0	108580.0	109270.0	738
15.12.2025 12:00	109290.0	109810.0	109290.0	109470.0	630
15.12.2025 13:00	109460.0	109950.0	109400.0	109850.0	441
15.12.2025 14:00	109900.0	110610.0	109790.0	110440.0	1282
15.12.2025 15:00	110490.0	110500.0	108880.0	109090.0	1212
15.12.2025 16:00	108960.0	109710.0	108770.0	109670.0	1202
15.12.2025 17:00	109670.0	110030.0	109110.0	109780.0	576
15.12.2025 18:00	109780.0	109790.0	109290.0	109400.0	276
15.12.2025 19:00	109250.0	109850.0	108790.0	108930.0	453
15.12.2025 20:00	109030.0	109400.0	108900.0	109360.0	278
15.12.2025 21:00	109410.0	109470.0	109260.0	109270.0	139
15.12.2025 22:00	109220.0	109530.0	109170.0	109440.0	101
15.12.2025 23:00	109440.0	109710.0	109360.0	109470.0	144
16.12.2025 09:00	109460.0	109570.0	109260.0	109270.0	249
16.12.2025 10:00	109360.0	110490.0	109220.0	110490.0	1220
16.12.2025 11:00	110500.0	110800.0	110210.0	110750.0	903
16.12.2025 12:00	110770.0	110970.0	110340.0	110430.0	1330
16.12.2025 13:00	110450.0	110600.0	110340.0	110400.0	628
16.12.2025 14:00	110430.0	110520.0	110260.0	110310.0	408
16.12.2025 15:00	110290.0	110650.0	110120.0	110610.0	1033
16.12.2025 16:00	110610.0	110700.0	110480.0	110640.0	521
16.12.2025 17:00	110630.0	111080.0	110570.0	110990.0	919
16.12.2025 18:00	111000.0	111110.0	110580.0	110760.0	558
16.12.2025 19:00	110790.0	110810.0	110470.0	110480.0	402
16.12.2025 20:00	110470.0	110590.0	110390.0	110440.0	347
16.12.2025 21:00	110450.0	110680.0	110430.0	110670.0	185
16.12.2025 22:00	110660.0	110660.0	110500.0	110530.0	216
16.12.2025 23:00	110590.0	110590.0	110420.0	110460.0	244
17.12.2025 09:00	110750.0	110880.0	110180.0	110180.0	1936
17.12.2025 10:00	110220.0	110460.0	109380.0	109400.0	2923
17.12.2025 11:00	109380.0	109930.0	109260.0	109260.0	4418
17.12.2025 12:00	109260.0	109260.0	108510.0	108590.0	4491
17.12.2025 13:00	108570.0	108980.0	108360.0	108850.0	3314
17.12.2025 14:00	108910.0	108950.0	108290.0	108840.0	2740
17.12.2025 15:00	108850.0	109070.0	108480.0	108530.0	3493
17.12.2025 16:00	108520.0	108890.0	108460.0	108530.0	964
17.12.2025 17:00	108560.0	108560.0	108160.0	108320.0	3181
17.12.2025 18:00	108300.0	108470.0	107740.0	108390.0	4210
17.12.2025 19:00	108320.0	108670.0	108250.0	108320.0	1183
17.12.2025 20:00	108330.0	108580.0	108270.0	108470.0	747
17.12.2025 21:00	108500.0	108620.0	108240.0	108290.0	854
17.12.2025 22:00	108300.0	108660.0	108200.0	108500.0	1207
17.12.2025 23:00	108520.0	108650.0	108500.0	108540.0	778
18.12.2025 09:00	108540.0	108900.0	108350.0	108720.0	4261
18.12.2025 10:00	108740.0	109320.0	108570.0	109270.0	8452
18.12.2025 11:00	109280.0	109580.0	108860.0	109520.0	8392
18.12.2025 12:00	109560.0	109700.0	109180.0	109460.0	7172
18.12.2025 13:00	109470.0	109550.0	109030.0	109200.0	5169
18.12.2025 14:00	109190.0	109210.0	108810.0	108910.0	3478
18.12.2025 15:00	108900.0	109350.0	108770.0	109140.0	5548
18.12.2025 16:00	109140.0	109360.0	108930.0	108940.0	4387
18.12.2025 17:00	108950.0	109060.0	108110.0	108130.0	8681
18.12.2025 18:00	108130.0	108130.0	107570.0	108090.0	6502
18.12.2025 19:00	108050.0	108480.0	107890.0	108310.0	2430
18.12.2025 20:00	108310.0	108310.0	107370.0	107840.0	4350
18.12.2025 21:00	107840.0	107990.0	107720.0	107920.0	847
18.12.2025 22:00	107930.0	108170.0	107910.0	108030.0	806
18.12.2025 23:00	108020.0	108100.0	107860.0	108050.0	832
19.12.2025 09:00	108130.0	108460.0	108080.0	108240.0	2872
19.12.2025 10:00	108250.0	108510.0	107800.0	107880.0	10000
19.12.2025 11:00	107880.0	108600.0	107650.0	108550.0	7792
19.12.2025 12:00	108560.0	108700.0	108050.0	108680.0	4644
19.12.2025 13:00	108680.0	108870.0	106260.0	107400.0	29342
19.12.2025 14:00	107370.0	107800.0	107040.0	107620.0	5798
19.12.2025 15:00	107600.0	107950.0	107380.0	107670.0	5180
19.12.2025 16:00	107670.0	108350.0	107600.0	108260.0	5461
19.12.2025 17:00	108240.0	108480.0	107770.0	108280.0	7594
19.12.2025 18:00	108260.0	108710.0	108050.0	108120.0	4855
19.12.2025 19:00	108170.0	108350.0	108060.0	108330.0	1430
19.12.2025 20:00	108330.0	108700.0	108250.0	108630.0	1225
19.12.2025 21:00	108610.0	108640.0	108450.0	108480.0	589
19.12.2025 22:00	108490.0	108620.0	108480.0	108580.0	468
19.12.2025 23:00	108590.0	108630.0	108490.0	108560.0	784
20.12.2025 10:00	108590.0	109320.0	108590.0	108800.0	2096
20.12.2025 11:00	108780.0	108780.0	108710.0	108720.0	178
20.12.2025 12:00	108720.0	108870.0	108710.0	108830.0	147
20.12.2025 13:00	108810.0	108830.0	108780.0	108830.0	68
20.12.2025 14:00	108820.0	108830.0	108770.0	108780.0	78
20.12.2025 15:00	108770.0	108780.0	108640.0	108650.0	165
20.12.2025 16:00	108690.0	108830.0	108670.0	108730.0	99
20.12.2025 17:00	108730.0	108820.0	108720.0	108820.0	45
20.12.2025 18:00	108820.0	108860.0	108810.0	108840.0	32
21.12.2025 10:00	108850.0	108900.0	108710.0	108760.0	119
21.12.2025 11:00	108760.0	108760.0	108650.0	108660.0	120
21.12.2025 12:00	108690.0	108710.0	108530.0	108550.0	147
21.12.2025 13:00	108540.0	108540.0	108250.0	108360.0	598
21.12.2025 14:00	108420.0	108490.0	108310.0	108340.0	108
21.12.2025 15:00	108390.0	108500.0	108240.0	108350.0	74
21.12.2025 16:00	108350.0	108440.0	108340.0	108410.0	38
21.12.2025 17:00	108430.0	108440.0	108330.0	108350.0	36
21.12.2025 18:00	108340.0	108380.0	108330.0	108330.0	40
22.12.2025 09:00	108330.0	108650.0	108130.0	108480.0	3515
22.12.2025 10:00	108500.0	108520.0	107650.0	107660.0	7649
22.12.2025 11:00	107650.0	109130.0	107600.0	109040.0	11925
22.12.2025 12:00	109050.0	109650.0	108990.0	109290.0	11132
22.12.2025 13:00	109280.0	110430.0	109270.0	110380.0	8238
22.12.2025 14:00	110360.0	110500.0	109630.0	109720.0	5322
22.12.2025 15:00	109710.0	109900.0	109220.0	109540.0	5703
22.12.2025 16:00	109570.0	109590.0	109190.0	109340.0	2964
22.12.2025 17:00	109370.0	109600.0	108910.0	109530.0	7035
22.12.2025 18:00	109520.0	109710.0	109150.0	109390.0	3084
22.12.2025 19:00	109390.0	110100.0	109220.0	109470.0	3505
22.12.2025 20:00	109500.0	109620.0	109360.0	109600.0	623
22.12.2025 21:00	109610.0	109630.0	109400.0	109510.0	421
22.12.2025 22:00	109510.0	109510.0	109350.0	109400.0	311
22.12.2025 23:00	109390.0	109470.0	109370.0	109420.0	493
23.12.2025 09:00	109540.0	109890.0	109270.0	109520.0	3154
23.12.2025 10:00	109500.0	109770.0	109040.0	109590.0	6693
23.12.2025 11:00	109570.0	110050.0	109130.0	109610.0	7203
23.12.2025 12:00	109620.0	109800.0	109260.0	109420.0	3561
23.12.2025 13:00	109420.0	109750.0	109210.0	109530.0	2446
23.12.2025 14:00	109570.0	110790.0	109430.0	110670.0	7518
23.12.2025 15:00	110690.0	111000.0	110490.0	110760.0	6661
23.12.2025 16:00	110770.0	111250.0	110460.0	111250.0	5612
23.12.2025 17:00	111240.0	111440.0	110730.0	110820.0	7025
23.12.2025 18:00	110810.0	111110.0	110600.0	110850.0	2910
23.12.2025 19:00	110880.0	110990.0	110560.0	110650.0	1175
23.12.2025 20:00	110640.0	110700.0	110550.0	110620.0	739
23.12.2025 21:00	110620.0	110950.0	110620.0	110910.0	841
23.12.2025 22:00	110930.0	111150.0	110880.0	110900.0	1201
23.12.2025 23:00	110900.0	110900.0	110570.0	110590.0	914
24.12.2025 09:00	110890.0	110890.0	110200.0	110330.0	5578
24.12.2025 10:00	110310.0	110500.0	109890.0	110410.0	7706
24.12.2025 11:00	110370.0	110610.0	109510.0	110180.0	8302
24.12.2025 12:00	110180.0	110440.0	109550.0	109730.0	4956
24.12.2025 13:00	109720.0	109880.0	109300.0	109570.0	5377
24.12.2025 14:00	109590.0	109840.0	109080.0	109150.0	4892
24.12.2025 15:00	109140.0	109290.0	108850.0	109100.0	5897
24.12.2025 16:00	109130.0	109780.0	108970.0	109600.0	5391
24.12.2025 17:00	109630.0	110140.0	109620.0	109860.0	4730
24.12.2025 18:00	109850.0	109980.0	109420.0	109480.0	2859
24.12.2025 19:00	109510.0	109800.0	109390.0	109680.0	1116
24.12.2025 20:00	109670.0	109860.0	109620.0	109830.0	387
24.12.2025 21:00	109830.0	109880.0	109680.0	109780.0	606
24.12.2025 22:00	109790.0	109920.0	109720.0	109860.0	334
24.12.2025 23:00	109860.0	109900.0	109660.0	109770.0	554
25.12.2025 09:00	109750.0	109840.0	109540.0	109750.0	1493
25.12.2025 10:00	109720.0	110150.0	109560.0	109790.0	4984
25.12.2025 11:00	109790.0	110220.0	109670.0	110060.0	3676
25.12.2025 12:00	110050.0	110480.0	109880.0	110290.0	3456
25.12.2025 13:00	110330.0	110380.0	109920.0	110110.0	3333
25.12.2025 14:00	110100.0	110390.0	109810.0	110000.0	2907
25.12.2025 15:00	110000.0	110370.0	109800.0	110340.0	3350
25.12.2025 16:00	110370.0	110930.0	110270.0	110650.0	6040
25.12.2025 17:00	110620.0	110770.0	110470.0	110570.0	3068
25.12.2025 18:00	110570.0	110700.0	110480.0	110560.0	1803
25.12.2025 19:00	110600.0	110920.0	110530.0	110810.0	1721
25.12.2025 20:00	110810.0	110870.0	110700.0	110790.0	766
25.12.2025 21:00	110790.0	111000.0	110780.0	110990.0	773
25.12.2025 22:00	110990.0	111190.0	110760.0	110880.0	1237
25.12.2025 23:00	110860.0	110930.0	110660.0	110720.0	1063
26.12.2025 09:00	110720.0	111870.0	110640.0	111790.0	6950
26.12.2025 10:00	111790.0	112320.0	110820.0	111150.0	12200
26.12.2025 11:00	111160.0	111290.0	110730.0	111040.0	4602
26.12.2025 12:00	111040.0	111900.0	111020.0	111640.0	4892
26.12.2025 13:00	111650.0	111740.0	111350.0	111580.0	3453
26.12.2025 14:00	111570.0	112090.0	111490.0	111930.0	2820
26.12.2025 15:00	111920.0	112380.0	111610.0	112290.0	5966
26.12.2025 16:00	112300.0	112950.0	112290.0	112830.0	5634
26.12.2025 17:00	112840.0	113000.0	112510.0	112720.0	4411
26.12.2025 18:00	112720.0	112730.0	112450.0	112540.0	1721
26.12.2025 19:00	112580.0	112800.0	112500.0	112610.0	1341
26.12.2025 20:00	112620.0	112720.0	112540.0	112720.0	503
26.12.2025 21:00	112720.0	112780.0	112620.0	112760.0	604
26.12.2025 22:00	112760.0	112970.0	112720.0	112940.0	776
26.12.2025 23:00	112930.0	113120.0	112820.0	113120.0	1463
27.12.2025 10:00	113180.0	113430.0	113100.0	113130.0	765
27.12.2025 11:00	113120.0	113270.0	113100.0	113240.0	337
27.12.2025 12:00	113240.0	113380.0	113240.0	113300.0	171
27.12.2025 13:00	113300.0	113350.0	113210.0	113220.0	33
27.12.2025 14:00	113210.0	113330.0	113210.0	113300.0	41
27.12.2025 15:00	113300.0	113360.0	113260.0	113310.0	103
27.12.2025 16:00	113290.0	113390.0	113250.0	113390.0	72
27.12.2025 17:00	113380.0	113500.0	113380.0	113410.0	428
27.12.2025 18:00	113400.0	113430.0	113370.0	113370.0	46
28.12.2025 10:00	113370.0	113380.0	112590.0	112680.0	1431
28.12.2025 11:00	112670.0	112890.0	112600.0	112800.0	261
28.12.2025 12:00	112810.0	112940.0	112760.0	112760.0	94
28.12.2025 13:00	112760.0	112880.0	112730.0	112740.0	99
28.12.2025 14:00	112740.0	112990.0	112730.0	112960.0	135
28.12.2025 15:00	112960.0	113280.0	112960.0	113220.0	361
28.12.2025 16:00	113190.0	113400.0	113170.0	113250.0	320
28.12.2025 17:00	113280.0	113490.0	113270.0	113480.0	203
28.12.2025 18:00	113410.0	113620.0	113350.0	113530.0	537
29.12.2025 09:00	113450.0	113650.0	112720.0	113030.0	5220
29.12.2025 10:00	113010.0	113390.0	112320.0	112830.0	8223
29.12.2025 11:00	112820.0	115090.0	112810.0	115040.0	11239
29.12.2025 12:00	115060.0	115200.0	113930.0	114320.0	11245
29.12.2025 13:00	114310.0	114510.0	114090.0	114390.0	2902
29.12.2025 14:00	114380.0	114530.0	113910.0	114060.0	2684
29.12.2025 15:00	114040.0	114140.0	113420.0	113590.0	5334
29.12.2025 16:00	113590.0	113650.0	112900.0	113160.0	6883
29.12.2025 17:00	113180.0	113350.0	112870.0	113220.0	3833
29.12.2025 18:00	113220.0	113250.0	110820.0	110890.0	25407
29.12.2025 19:00	111140.0	111500.0	110580.0	111430.0	7635
29.12.2025 20:00	111400.0	111640.0	111170.0	111300.0	1790
29.12.2025 21:00	111300.0	111660.0	111140.0	111640.0	2466
29.12.2025 22:00	111620.0	111680.0	111480.0	111560.0	856
29.12.2025 23:00	111580.0	111680.0	111300.0	111420.0	1153
30.12.2025 09:00	111650.0	111740.0	111370.0	111580.0	1838
30.12.2025 10:00	111580.0	111610.0	110250.0	110810.0	9105
30.12.2025 11:00	110800.0	111530.0	110680.0	111430.0	4856
30.12.2025 12:00	111440.0	112320.0	111410.0	112300.0	7340
30.12.2025 13:00	112300.0	112320.0	111730.0	112050.0	4131
30.12.2025 14:00	112070.0	112170.0	111250.0	111270.0	4196
30.12.2025 15:00	111250.0	111510.0	111030.0	111220.0	4304
30.12.2025 16:00	111220.0	111450.0	110950.0	111080.0	5339
30.12.2025 17:00	111070.0	111670.0	111040.0	111500.0	2838
30.12.2025 18:00	111490.0	111530.0	111190.0	111330.0	2403
30.12.2025 19:00	111380.0	111540.0	111290.0	111500.0	1441
30.12.2025 20:00	111520.0	111530.0	111270.0	111400.0	1233
30.12.2025 21:00	111360.0	111410.0	111220.0	111290.0	500
30.12.2025 22:00	111270.0	111350.0	111030.0	111090.0	835
30.12.2025 23:00	111060.0	111260.0	110960.0	111210.0	1016
05.01.2026 09:00	110550.0	110550.0	109230.0	109390.0	6705
05.01.2026 10:00	109380.0	109480.0	108020.0	108040.0	10862
05.01.2026 11:00	108030.0	108520.0	107930.0	108510.0	2921
05.01.2026 12:00	108510.0	108800.0	108110.0	108760.0	3291
05.01.2026 13:00	108740.0	108820.0	108430.0	108480.0	1994
05.01.2026 14:00	108500.0	108710.0	108240.0	108650.0	2575
05.01.2026 15:00	108650.0	108710.0	108380.0	108520.0	1234
05.01.2026 16:00	108540.0	108800.0	108510.0	108640.0	1213
05.01.2026 17:00	108650.0	109040.0	108650.0	108900.0	2908
05.01.2026 18:00	108920.0	109190.0	108730.0	108780.0	2767
05.01.2026 19:00	108700.0	108830.0	108550.0	108590.0	1455
05.01.2026 20:00	108590.0	108740.0	108450.0	108600.0	1380
05.01.2026 21:00	108600.0	108720.0	108580.0	108590.0	380
05.01.2026 22:00	108590.0	108610.0	108320.0	108470.0	1100
05.01.2026 23:00	108460.0	108600.0	108420.0	108550.0	699
06.01.2026 09:00	108600.0	109070.0	108470.0	108820.0	2495
06.01.2026 10:00	108790.0	109550.0	108630.0	109240.0	6662
06.01.2026 11:00	109260.0	109480.0	109110.0	109450.0	2453
06.01.2026 12:00	109460.0	109690.0	109200.0	109230.0	2401
06.01.2026 13:00	109260.0	109270.0	108830.0	108980.0	3172
06.01.2026 14:00	109040.0	109250.0	108900.0	109060.0	1619
06.01.2026 15:00	109070.0	109350.0	108860.0	109100.0	2145
06.01.2026 16:00	109120.0	109350.0	108940.0	108970.0	1280
06.01.2026 17:00	108970.0	109500.0	108790.0	109480.0	2834
06.01.2026 18:00	109490.0	109580.0	109390.0	109500.0	1978
06.01.2026 19:00	109480.0	109650.0	109470.0	109570.0	785
06.01.2026 20:00	109580.0	109600.0	109510.0	109540.0	261
06.01.2026 21:00	109540.0	109580.0	109390.0	109480.0	419
06.01.2026 22:00	109480.0	109520.0	109400.0	109490.0	185
06.01.2026 23:00	109490.0	109670.0	109460.0	109570.0	555
08.01.2026 09:00	108600.0	108650.0	108160.0	108380.0	4569
08.01.2026 10:00	108410.0	109140.0	108090.0	108210.0	8132
08.01.2026 11:00	108200.0	108280.0	107950.0	108090.0	3092
08.01.2026 12:00	108090.0	108530.0	108040.0	108270.0	2493
08.01.2026 13:00	108250.0	108440.0	108200.0	108390.0	1849
08.01.2026 14:00	108400.0	108650.0	108180.0	108200.0	2077
08.01.2026 15:00	108200.0	108280.0	107780.0	108150.0	4252
08.01.2026 16:00	108150.0	108670.0	108000.0	108550.0	4467
08.01.2026 17:00	108570.0	108750.0	108540.0	108660.0	2381
08.01.2026 18:00	108660.0	108780.0	108610.0	108710.0	2055
08.01.2026 19:00	108690.0	108750.0	108460.0	108500.0	1652
08.01.2026 20:00	108510.0	108540.0	108410.0	108530.0	487
08.01.2026 21:00	108540.0	108670.0	108490.0	108650.0	782
08.01.2026 22:00	108660.0	108700.0	108420.0	108510.0	1206
08.01.2026 23:00	108510.0	108650.0	108470.0	108610.0	689
09.01.2026 09:00	108830.0	109070.0	108260.0	108730.0	4963
09.01.2026 10:00	108760.0	109340.0	108620.0	109040.0	5886
09.01.2026 11:00	109020.0	109640.0	109020.0	109570.0	3886
09.01.2026 12:00	109580.0	109840.0	109520.0	109590.0	4135
09.01.2026 13:00	109580.0	109760.0	109400.0	109580.0	3107
09.01.2026 14:00	109590.0	109940.0	109580.0	109710.0	3041
09.01.2026 15:00	109740.0	109900.0	109480.0	109560.0	2448
09.01.2026 16:00	109560.0	109890.0	109560.0	109750.0	1955
09.01.2026 17:00	109740.0	110120.0	109740.0	109950.0	2875
09.01.2026 18:00	109960.0	110060.0	109830.0	109930.0	1747
09.01.2026 19:00	110040.0	110080.0	109770.0	109860.0	875
09.01.2026 20:00	109870.0	109900.0	109640.0	109690.0	797
09.01.2026 21:00	109720.0	109780.0	109620.0	109670.0	496
09.01.2026 22:00	109690.0	109830.0	109670.0	109780.0	350
09.01.2026 23:00	109780.0	109950.0	109770.0	109890.0	652
12.01.2026 09:00	109950.0	110700.0	109930.0	110240.0	5657
12.01.2026 10:00	110270.0	110500.0	109410.0	109960.0	11362
12.01.2026 11:00	109970.0	110070.0	109670.0	109960.0	2596
12.01.2026 12:00	109950.0	110430.0	109930.0	110110.0	5170
12.01.2026 13:00	110120.0	110310.0	109890.0	110280.0	2250
12.01.2026 14:00	110290.0	110380.0	109980.0	109990.0	1689
12.01.2026 15:00	109990.0	110170.0	109820.0	109930.0	1489
12.01.2026 16:00	109930.0	110030.0	109540.0	109600.0	2949
12.01.2026 17:00	109570.0	109660.0	109290.0	109440.0	3608
12.01.2026 18:00	109430.0	109610.0	109310.0	109510.0	1858
12.01.2026 19:00	109580.0	109710.0	109450.0	109510.0	955
12.01.2026 20:00	109520.0	109600.0	109340.0	109420.0	704
12.01.2026 21:00	109420.0	109530.0	109370.0	109520.0	333
12.01.2026 22:00	109520.0	109570.0	109360.0	109440.0	668
12.01.2026 23:00	109440.0	109490.0	109280.0	109280.0	682
13.01.2026 09:00	109360.0	109440.0	108830.0	109070.0	3941
13.01.2026 10:00	109090.0	109460.0	108770.0	109280.0	4666
13.01.2026 11:00	109310.0	109600.0	108880.0	108990.0	4431
13.01.2026 12:00	108990.0	109090.0	108600.0	108930.0	4990
13.01.2026 13:00	108930.0	109190.0	108860.0	109020.0	1824
13.01.2026 14:00	109030.0	109270.0	108870.0	109150.0	2157
13.01.2026 15:00	109180.0	109290.0	109050.0	109180.0	918
13.01.2026 16:00	109190.0	109960.0	109180.0	109670.0	6450
13.01.2026 17:00	109680.0	109790.0	109380.0	109490.0	4001
13.01.2026 18:00	109500.0	109610.0	108790.0	109120.0	4597
13.01.2026 19:00	109070.0	109250.0	108970.0	109090.0	865
13.01.2026 20:00	109090.0	109200.0	108920.0	108960.0	702
13.01.2026 21:00	108970.0	109100.0	108890.0	108980.0	439
13.01.2026 22:00	109000.0	109040.0	108820.0	108980.0	772
13.01.2026 23:00	108970.0	109000.0	108850.0	108850.0	438
14.01.2026 09:00	108850.0	109150.0	108530.0	108660.0	3205
14.01.2026 10:00	108620.0	108710.0	108270.0	108620.0	11532
14.01.2026 11:00	108610.0	110290.0	108520.0	109850.0	17058
14.01.2026 12:00	109880.0	110210.0	109780.0	109900.0	5286
14.01.2026 13:00	109900.0	110270.0	109730.0	110190.0	4345
14.01.2026 14:00	110120.0	110640.0	110120.0	110250.0	6649
14.01.2026 15:00	110250.0	110500.0	110140.0	110350.0	2140
14.01.2026 16:00	110330.0	110790.0	110190.0	110550.0	4346
14.01.2026 17:00	110560.0	110950.0	110230.0	110290.0	5728
14.01.2026 18:00	110290.0	110490.0	110100.0	110300.0	3539
14.01.2026 19:00	110300.0	110300.0	110030.0	110110.0	2154
14.01.2026 20:00	110100.0	110140.0	110000.0	110070.0	844
14.01.2026 21:00	110060.0	110290.0	110010.0	110290.0	696
14.01.2026 22:00	110280.0	110620.0	110230.0	110600.0	1695
14.01.2026 23:00	110600.0	110620.0	110160.0	110160.0	1355
15.01.2026 09:00	110240.0	110360.0	109870.0	110050.0	4381
15.01.2026 10:00	110040.0	110120.0	109700.0	109730.0	7070
15.01.2026 11:00	109720.0	109990.0	109510.0	109580.0	4606
15.01.2026 12:00	109560.0	109570.0	109130.0	109230.0	7439
15.01.2026 13:00	109250.0	109930.0	109230.0	109460.0	6225
15.01.2026 14:00	109460.0	109780.0	109400.0	109640.0	2809
15.01.2026 15:00	109640.0	109950.0	109550.0	109820.0	2411
15.01.2026 16:00	109820.0	110180.0	109700.0	110100.0	4558
15.01.2026 17:00	110110.0	110820.0	110110.0	110540.0	11106
15.01.2026 18:00	110530.0	110770.0	110230.0	110550.0	3368
15.01.2026 19:00	110630.0	110880.0	110330.0	110660.0	2890
15.01.2026 20:00	110660.0	110930.0	110650.0	110820.0	2224
15.01.2026 21:00	110800.0	110940.0	110790.0	110820.0	916
15.01.2026 22:00	110830.0	111130.0	110830.0	110970.0	1759
15.01.2026 23:00	110960.0	110960.0	110730.0	110840.0	825
16.01.2026 09:00	110830.0	111240.0	110730.0	111240.0	2857
16.01.2026 10:00	111230.0	111560.0	110740.0	111510.0	10894
16.01.2026 11:00	111520.0	111940.0	111510.0	111740.0	7212
16.01.2026 12:00	111730.0	111880.0	111510.0	111820.0	4237
16.01.2026 13:00	111800.0	111990.0	111670.0	111780.0	4287
16.01.2026 14:00	111750.0	111860.0	111590.0	111730.0	1762
16.01.2026 15:00	111720.0	111740.0	111420.0	111450.0	1968
16.01.2026 16:00	111450.0	112160.0	111380.0	111940.0	5633
16.01.2026 17:00	111940.0	112240.0	111610.0	111690.0	5190
16.01.2026 18:00	111680.0	111840.0	111450.0	111680.0	2789
16.01.2026 19:00	111670.0	111930.0	111490.0	111760.0	839
16.01.2026 20:00	111750.0	111850.0	111730.0	111810.0	242
16.01.2026 21:00	111820.0	112070.0	111820.0	112020.0	854
16.01.2026 22:00	112010.0	112050.0	111790.0	111840.0	791
16.01.2026 23:00	111840.0	111910.0	111650.0	111890.0	1229
17.01.2026 10:00	111990.0	111990.0	111810.0	111870.0	115
17.01.2026 11:00	111820.0	111900.0	111810.0	111870.0	67
17.01.2026 12:00	111890.0	111900.0	111810.0	111850.0	167
17.01.2026 13:00	111820.0	111850.0	111800.0	111840.0	39
17.01.2026 14:00	111860.0	111870.0	111810.0	111810.0	74
17.01.2026 15:00	111790.0	111810.0	111770.0	111790.0	44
17.01.2026 16:00	111780.0	111790.0	111770.0	111790.0	5
17.01.2026 17:00	111770.0	111790.0	111770.0	111780.0	23
17.01.2026 18:00	111790.0	111810.0	111780.0	111780.0	171
18.01.2026 10:00	111870.0	111900.0	111680.0	111850.0	251
18.01.2026 11:00	111860.0	111860.0	111710.0	111770.0	169
18.01.2026 12:00	111770.0	111790.0	111760.0	111780.0	54
18.01.2026 13:00	111780.0	111790.0	111780.0	111780.0	34
18.01.2026 14:00	111780.0	111850.0	111780.0	111780.0	45
18.01.2026 15:00	111780.0	112090.0	111780.0	111970.0	426
18.01.2026 16:00	111960.0	112000.0	111940.0	111950.0	28
18.01.2026 17:00	111970.0	112300.0	111970.0	112140.0	299
18.01.2026 18:00	112150.0	112240.0	112100.0	112100.0	113
19.01.2026 09:00	112250.0	112350.0	111550.0	111570.0	4688
19.01.2026 10:00	111570.0	112090.0	111400.0	111990.0	6115
19.01.2026 11:00	111960.0	112500.0	111920.0	112170.0	6989
19.01.2026 12:00	112160.0	112350.0	111900.0	112270.0	2496
19.01.2026 13:00	112280.0	112750.0	112080.0	112620.0	6584
19.01.2026 14:00	112650.0	112830.0	112540.0	112550.0	2329
19.01.2026 15:00	112530.0	112740.0	112360.0	112570.0	2981
19.01.2026 16:00	112580.0	112750.0	112240.0	112570.0	3663
19.01.2026 17:00	112590.0	113020.0	112500.0	112830.0	5121
19.01.2026 18:00	112820.0	112890.0	112500.0	112510.0	1979
19.01.2026 19:00	112630.0	112740.0	112380.0	112680.0	1159
19.01.2026 20:00	112680.0	112700.0	112540.0	112590.0	443
19.01.2026 21:00	112590.0	112620.0	112510.0	112520.0	277
19.01.2026 22:00	112510.0	112550.0	112410.0	112490.0	578
19.01.2026 23:00	112480.0	112480.0	112040.0	112100.0	1779
20.01.2026 09:00	112350.0	112570.0	112280.0	112490.0	2296
20.01.2026 10:00	112490.0	112530.0	111620.0	111650.0	5898
20.01.2026 11:00	111630.0	111770.0	111230.0	111440.0	7908
20.01.2026 12:00	111440.0	111640.0	111270.0	111550.0	3943
20.01.2026 13:00	111540.0	111590.0	111330.0	111430.0	2735
20.01.2026 14:00	111440.0	111560.0	111230.0	111550.0	2703
20.01.2026 15:00	111550.0	111880.0	111510.0	111710.0	3264
20.01.2026 16:00	111710.0	112000.0	111710.0	111880.0	2956
20.01.2026 17:00	111880.0	112290.0	111600.0	112070.0	4950
20.01.2026 18:00	112080.0	112110.0	111910.0	112060.0	2022
20.01.2026 19:00	112070.0	112180.0	111830.0	111970.0	965
20.01.2026 20:00	111960.0	112080.0	111950.0	112030.0	517
20.01.2026 21:00	112050.0	112270.0	112010.0	112150.0	924
20.01.2026 22:00	112140.0	112370.0	112110.0	112260.0	709
20.01.2026 23:00	112260.0	112270.0	111980.0	112070.0	447
21.01.2026 09:00	112110.0	112330.0	111790.0	112010.0	3431
21.01.2026 10:00	111970.0	112640.0	111940.0	112590.0	5848
21.01.2026 11:00	112590.0	112620.0	112140.0	112560.0	2591
21.01.2026 12:00	112550.0	113140.0	112230.0	112770.0	8454
21.01.2026 13:00	112810.0	113840.0	112730.0	113740.0	10840
21.01.2026 14:00	113830.0	114450.0	113830.0	114330.0	8789
21.01.2026 15:00	114330.0	114480.0	114180.0	114430.0	3409
21.01.2026 16:00	114430.0	114760.0	114260.0	114720.0	4020
21.01.2026 17:00	114740.0	114990.0	114450.0	114800.0	4579
21.01.2026 18:00	114800.0	115300.0	114800.0	115290.0	4742
21.01.2026 19:00	115210.0	115530.0	115140.0	115410.0	2789
21.01.2026 20:00	115400.0	115460.0	115210.0	115400.0	1355
21.01.2026 21:00	115400.0	115630.0	115380.0	115390.0	1710
21.01.2026 22:00	115400.0	115740.0	115320.0	115650.0	1928
21.01.2026 23:00	115650.0	115790.0	115530.0	115790.0	2095
22.01.2026 09:00	115650.0	115820.0	115310.0	115750.0	3147
22.01.2026 10:00	115750.0	116760.0	115560.0	116550.0	11869
22.01.2026 11:00	116540.0	116970.0	116410.0	116790.0	5171
22.01.2026 12:00	116800.0	117000.0	116120.0	116610.0	6332
22.01.2026 13:00	116630.0	117160.0	116580.0	116750.0	4454
22.01.2026 14:00	116790.0	117500.0	116530.0	116640.0	5726
22.01.2026 15:00	116650.0	116770.0	116420.0	116670.0	1766
22.01.2026 16:00	116680.0	116980.0	115850.0	116260.0	8297
22.01.2026 17:00	116230.0	116750.0	115240.0	116480.0	10871
22.01.2026 18:00	116480.0	116590.0	116200.0	116380.0	2087
22.01.2026 19:00	116400.0	116840.0	116400.0	116470.0	3020
22.01.2026 20:00	116490.0	116580.0	116130.0	116510.0	1994
22.01.2026 21:00	116510.0	117070.0	116510.0	116880.0	1622
22.01.2026 22:00	116860.0	116860.0	116470.0	116610.0	1045
22.01.2026 23:00	116620.0	116840.0	116610.0	116820.0	1060
23.01.2026 09:00	116760.0	117230.0	116100.0	116450.0	4703
23.01.2026 10:00	116430.0	116550.0	115800.0	116060.0	6241
23.01.2026 11:00	116040.0	116620.0	115820.0	116290.0	4387
23.01.2026 12:00	116310.0	116430.0	116040.0	116270.0	2639
23.01.2026 13:00	116260.0	116500.0	116050.0	116280.0	1999
23.01.2026 14:00	116220.0	116420.0	116010.0	116370.0	1477
23.01.2026 15:00	116390.0	116740.0	116340.0	116590.0	2027
23.01.2026 16:00	116600.0	116650.0	116150.0	116220.0	2004
23.01.2026 17:00	116160.0	116500.0	116160.0	116390.0	1544
23.01.2026 18:00	116400.0	116660.0	116380.0	116630.0	1498
23.01.2026 19:00	116570.0	117050.0	116560.0	116750.0	1883
23.01.2026 20:00	116740.0	117790.0	116620.0	117460.0	4078
23.01.2026 21:00	117480.0	117660.0	117420.0	117450.0	1509
23.01.2026 22:00	117440.0	117670.0	117330.0	117590.0	1402
23.01.2026 23:00	117590.0	117720.0	117490.0	117670.0	608
24.01.2026 10:00	117700.0	117830.0	117500.0	117590.0	224
24.01.2026 11:00	117640.0	117810.0	117460.0	117530.0	810
24.01.2026 12:00	117620.0	117620.0	117100.0	117210.0	479
24.01.2026 13:00	117210.0	117210.0	116240.0	116750.0	1705
24.01.2026 14:00	116720.0	116870.0	116570.0	116650.0	307
24.01.2026 15:00	116670.0	117290.0	116370.0	117250.0	1085
24.01.2026 16:00	117250.0	117440.0	117000.0	117080.0	897
24.01.2026 17:00	117190.0	117450.0	117100.0	117230.0	333
24.01.2026 18:00	117240.0	117360.0	117200.0	117270.0	58
25.01.2026 10:00	117360.0	117600.0	117220.0	117540.0	387
25.01.2026 11:00	117530.0	117680.0	117490.0	117500.0	110
25.01.2026 12:00	117500.0	118120.0	117490.0	118030.0	1152
25.01.2026 13:00	118030.0	118030.0	117780.0	117790.0	184
25.01.2026 14:00	117810.0	117970.0	117810.0	117820.0	104
25.01.2026 15:00	117830.0	117970.0	117800.0	117800.0	65
25.01.2026 16:00	117850.0	117930.0	117790.0	117810.0	77
25.01.2026 17:00	117810.0	117990.0	117810.0	117960.0	165
25.01.2026 18:00	117980.0	118140.0	117800.0	117900.0	387
26.01.2026 09:00	117880.0	117900.0	116520.0	116560.0	7111
26.01.2026 10:00	116560.0	117150.0	116100.0	116690.0	8173
26.01.2026 11:00	116660.0	116730.0	115310.0	115430.0	9627
26.01.2026 12:00	115440.0	115630.0	115000.0	115000.0	7314
26.01.2026 13:00	115010.0	115450.0	115000.0	115250.0	3928
26.01.2026 14:00	115260.0	115340.0	114740.0	114930.0	5297
26.01.2026 15:00	114920.0	115130.0	114780.0	114880.0	2770
26.01.2026 16:00	114890.0	115370.0	114740.0	114980.0	4264
26.01.2026 17:00	114970.0	115300.0	114510.0	115150.0	6033
26.01.2026 18:00	115120.0	115180.0	114050.0	114440.0	6448
26.01.2026 19:00	114490.0	114620.0	114330.0	114480.0	961
26.01.2026 20:00	114480.0	115060.0	114470.0	114900.0	2182
26.01.2026 21:00	114890.0	114940.0	114610.0	114630.0	664
26.01.2026 22:00	114660.0	114700.0	114360.0	114460.0	643
26.01.2026 23:00	114470.0	114490.0	114270.0	114430.0	889
27.01.2026 09:00	114460.0	114740.0	114310.0	114450.0	2315
27.01.2026 10:00	114440.0	114900.0	114110.0	114660.0	7228
27.01.2026 11:00	114670.0	114960.0	114220.0	114840.0	5882
27.01.2026 12:00	114870.0	115140.0	114570.0	115100.0	4537
27.01.2026 13:00	115100.0	115430.0	114960.0	115200.0	4855
27.01.2026 14:00	115210.0	115740.0	115210.0	115400.0	5534
27.01.2026 15:00	115410.0	115530.0	115190.0	115410.0	2332
27.01.2026 16:00	115420.0	115960.0	115300.0	115950.0	4299
27.01.2026 17:00	115950.0	116240.0	115870.0	116080.0	5319
27.01.2026 18:00	116060.0	116350.0	116060.0	116280.0	2519
27.01.2026 19:00	116330.0	116550.0	116180.0	116240.0	2137
27.01.2026 20:00	116250.0	116430.0	116130.0	116360.0	1123
27.01.2026 21:00	116340.0	116590.0	116220.0	116550.0	1106
27.01.2026 22:00	116560.0	116710.0	116490.0	116710.0	1104
27.01.2026 23:00	116680.0	116770.0	116390.0	116410.0	1922
28.01.2026 09:00	116570.0	117000.0	116450.0	116900.0	3565
28.01.2026 10:00	116880.0	117300.0	116430.0	116610.0	9861
28.01.2026 11:00	116610.0	116740.0	116240.0	116440.0	5800
28.01.2026 12:00	116430.0	116510.0	116090.0	116310.0	4132
28.01.2026 13:00	116280.0	116550.0	116210.0	116250.0	2340
28.01.2026 14:00	116240.0	116370.0	115600.0	115610.0	5401
28.01.2026 15:00	115630.0	115810.0	115330.0	115650.0	5278
28.01.2026 16:00	115650.0	115910.0	115450.0	115760.0	3967
28.01.2026 17:00	115740.0	116210.0	115720.0	116160.0	3348
28.01.2026 18:00	116140.0	116270.0	115610.0	115770.0	3764
28.01.2026 19:00	115850.0	115940.0	115550.0	115830.0	1374
28.01.2026 20:00	115830.0	116030.0	115790.0	116020.0	811
28.01.2026 21:00	116020.0	116030.0	115530.0	115530.0	1230
28.01.2026 22:00	115530.0	115800.0	115510.0	115750.0	532
28.01.2026 23:00	115750.0	115850.0	115600.0	115690.0	630
29.01.2026 09:00	115890.0	117240.0	115850.0	116820.0	7828
29.01.2026 10:00	116810.0	118210.0	116810.0	117440.0	18031
29.01.2026 11:00	117460.0	117970.0	117170.0	117340.0	7837
29.01.2026 12:00	117330.0	117880.0	117040.0	117750.0	5113
29.01.2026 13:00	117770.0	118740.0	117720.0	118570.0	8449
29.01.2026 14:00	118550.0	118830.0	118460.0	118590.0	4648
29.01.2026 15:00	118600.0	119020.0	118400.0	118610.0	5942
29.01.2026 16:00	118620.0	119440.0	118480.0	119330.0	6451
29.01.2026 17:00	119340.0	120430.0	119330.0	119930.0	15213
29.01.2026 18:00	119930.0	119970.0	117600.0	118110.0	16398
29.01.2026 19:00	118100.0	118550.0	117930.0	118510.0	5650
29.01.2026 20:00	118500.0	119130.0	118240.0	118460.0	3939
29.01.2026 21:00	118460.0	118780.0	118350.0	118650.0	1284
29.01.2026 22:00	118670.0	119010.0	118490.0	118990.0	1182
29.01.2026 23:00	118990.0	119280.0	118870.0	119080.0	1869
30.01.2026 09:00	118880.0	118880.0	118030.0	118440.0	4788
30.01.2026 10:00	118450.0	118470.0	117430.0	117750.0	10240
30.01.2026 11:00	117750.0	117750.0	116470.0	116480.0	12097
30.01.2026 12:00	116470.0	116790.0	116240.0	116670.0	7839
30.01.2026 13:00	116660.0	116960.0	116300.0	116400.0	6461
30.01.2026 14:00	116400.0	116530.0	115900.0	115980.0	6301
30.01.2026 15:00	115990.0	116300.0	115920.0	116020.0	3674
30.01.2026 16:00	116030.0	116250.0	115800.0	116060.0	3518
30.01.2026 17:00	116070.0	116490.0	115900.0	116300.0	4008
30.01.2026 18:00	116280.0	116280.0	115870.0	116020.0	2981
30.01.2026 19:00	116080.0	116280.0	115620.0	115790.0	2039
30.01.2026 20:00	115780.0	116140.0	115610.0	115760.0	2156
30.01.2026 21:00	115760.0	116160.0	115250.0	115570.0	4309
30.01.2026 22:00	115560.0	115930.0	115210.0	115930.0	2759
30.01.2026 23:00	115920.0	115960.0	115620.0	115900.0	1282
31.01.2026 10:00	115970.0	116340.0	115740.0	116130.0	900
31.01.2026 11:00	116130.0	116200.0	116110.0	116130.0	58
31.01.2026 12:00	116130.0	116160.0	115860.0	115880.0	422
31.01.2026 13:00	115910.0	116000.0	115900.0	115950.0	71
31.01.2026 14:00	115950.0	116190.0	115940.0	116190.0	177
31.01.2026 15:00	116170.0	116230.0	116050.0	116050.0	108
31.01.2026 16:00	116090.0	116170.0	116090.0	116170.0	36
31.01.2026 17:00	116110.0	116140.0	116100.0	116130.0	13
31.01.2026 18:00	116120.0	116190.0	116010.0	116120.0	147
01.02.2026 10:00	116120.0	116120.0	116010.0	116120.0	76
01.02.2026 11:00	116090.0	116150.0	115930.0	116130.0	225
01.02.2026 12:00	116110.0	116120.0	115890.0	115960.0	140
01.02.2026 13:00	115920.0	116560.0	115890.0	116500.0	655
01.02.2026 14:00	116500.0	116680.0	116310.0	116360.0	229
01.02.2026 15:00	116360.0	116430.0	116160.0	116160.0	484
01.02.2026 16:00	116170.0	116300.0	116060.0	116260.0	185
01.02.2026 17:00	116210.0	116260.0	116130.0	116200.0	37
01.02.2026 18:00	116140.0	116280.0	116060.0	116200.0	130
02.02.2026 08:00	115560.0	115800.0	115560.0	115800.0	76
02.02.2026 09:00	115550.0	115560.0	113830.0	114230.0	11755
02.02.2026 10:00	114210.0	114430.0	113220.0	113350.0	15585
02.02.2026 11:00	113310.0	113900.0	113230.0	113810.0	7237
02.02.2026 12:00	113780.0	114970.0	113690.0	114770.0	8895
02.02.2026 13:00	114790.0	115170.0	114520.0	114900.0	6958
02.02.2026 14:00	114880.0	115010.0	114410.0	114710.0	4046
02.02.2026 15:00	114680.0	114990.0	114480.0	114750.0	2947
02.02.2026 16:00	114760.0	114930.0	114320.0	114850.0	4487
02.02.2026 17:00	114870.0	115230.0	114630.0	114950.0	4951
02.02.2026 18:00	114920.0	115080.0	114740.0	114890.0	2477
02.02.2026 19:00	114870.0	115230.0	114870.0	115180.0	1862
02.02.2026 20:00	115130.0	115200.0	114960.0	114980.0	850
02.02.2026 21:00	114960.0	115050.0	114780.0	114940.0	769
02.02.2026 22:00	114940.0	115480.0	114930.0	115450.0	1783
02.02.2026 23:00	115450.0	115500.0	115090.0	115110.0	717
03.02.2026 09:00	115170.0	115830.0	115170.0	115630.0	3735
03.02.2026 10:00	115640.0	115760.0	114950.0	115260.0	7587
03.02.2026 11:00	115270.0	115500.0	114900.0	114930.0	3392
03.02.2026 12:00	114940.0	115380.0	114700.0	115220.0	4782
03.02.2026 13:00	115200.0	115400.0	115140.0	115200.0	1463
03.02.2026 14:00	115210.0	115610.0	115090.0	115470.0	4282
03.02.2026 15:00	115480.0	115590.0	115200.0	115280.0	2692
03.02.2026 16:00	115340.0	115370.0	114730.0	115110.0	3259
03.02.2026 17:00	115130.0	115370.0	114950.0	115170.0	3027
03.02.2026 18:00	115160.0	115250.0	114860.0	115110.0	1881
03.02.2026 19:00	115070.0	115120.0	114560.0	114620.0	2614
03.02.2026 20:00	114630.0	114760.0	114430.0	114490.0	2068
03.02.2026 21:00	114500.0	114870.0	114440.0	114810.0	2498
03.02.2026 22:00	114840.0	114930.0	114670.0	114690.0	777
03.02.2026 23:00	114710.0	114790.0	114510.0	114600.0	671
